0 0.6939036885245902 0.35399590163934425 0.048924180327868855 0.07402663934426229
0 0.6226946721311475 0.3760245901639344 0.055584016393442626 0.05046106557377049
0 0.5353483606557377 0.35015368852459017 0.04047131147540984 0.07453893442622951
0 0.7853483606557377 0.42674180327868855 0.05430327868852459 0.05609631147540984
0 0.8199282786885246 0.3568135245901639 0.04328893442622951 0.05302254098360656
0 0.8875512295081968 0.36962090163934425 0.039702868852459015 0.04380122950819672
0 0.9597848360655737 0.39344262295081966 0.03867827868852459 0.06173155737704918
0 0.9887295081967213 0.390625 0.022028688524590164 0.05199795081967213
0 0.4964139344262295 0.2620389344262295 0.046362704918032786 0.0622438524590164
0 0.43673155737704916 0.350922131147541 0.04789959016393443 0.078125
0 0.39959016393442626 0.3009733606557377 0.05737704918032787 0.06480532786885246
0 0.3291495901639344 0.2300204918032787 0.04175204918032787 0.08017418032786885
0 0.2792008196721312 0.2938012295081967 0.04815573770491803 0.0545594262295082
0 0.9018954918032787 0.5204918032786885 0.03355532786885246 0.08119877049180328
0 0.586577868852459 0.5601946721311475 0.07684426229508197 0.04841188524590164
0 0.47771516393442626 0.5197233606557377 0.08837090163934426 0.07351434426229508
0 0.16495901639344263 0.3457991803278688 0.056608606557377046 0.051485655737704916
0 0.4103483606557377 0.18212090163934427 0.04969262295081967 0.060706967213114756
0 0.296875 0.10425204918032786 0.06121926229508197 0.04072745901639344
0 0.529969262295082 0.20005122950819673 0.04431352459016393 0.06787909836065574
0 0.8122438524590164 0.6360143442622951 0.04431352459016393 0.08273565573770492
0 0.8560450819672131 0.6401127049180327 0.03637295081967213 0.07966188524590163
0 0.8770491803278688 0.680327868852459 0.043545081967213115 0.04380122950819672
0 0.7766393442622951 0.6951844262295082 0.050204918032786885 0.05302254098360656
0 0.9136782786885246 0.6664959016393442 0.028944672131147542 0.07453893442622951
0 0.9418545081967213 0.6798155737704918 0.02971311475409836 0.03662909836065574
0 0.953125 0.6462602459016393 0.02663934426229508 0.06429303278688525
0 0.9836065573770492 0.626280737704918 0.028944672131147542 0.06634221311475409
0 0.9910348360655737 0.6352459016393442 0.016905737704918034 0.05353483606557377
0 0.6933913934426229 0.6967213114754098 0.05046106557377049 0.04789959016393443
0 0.6470286885245902 0.6403688524590164 0.03560450819672131 0.10092213114754098
0 0.6142418032786885 0.639344262295082 0.03406762295081967 0.09477459016393443
0 0.5783811475409836 0.6618852459016393 0.054047131147540985 0.05712090163934426
0 0.5601946721311475 0.6944159836065574 0.0625 0.051485655737704916
0 0.5502049180327869 0.7325819672131147 0.050204918032786885 0.027663934426229508
0 0.47003073770491804 0.7241290983606558 0.07402663934426229 0.04380122950819672
0 0.45799180327868855 0.6849385245901639 0.06634221311475409 0.04789959016393443
0 0.19518442622950818 0.6193647540983607 0.040983606557377046 0.06787909836065574
0 0.24282786885245902 0.6752049180327869 0.06454918032786885 0.0622438524590164
0 0.2461577868852459 0.7364241803278688 0.057889344262295084 0.06019467213114754
0 0.2379610655737705 0.7781762295081968 0.05327868852459016 0.0586577868852459
0 0.21157786885245902 0.8019979508196722 0.03201844262295082 0.08222336065573771
0 0.1713627049180328 0.8081454918032787 0.042008196721311473 0.06890368852459017
0 0.328125 0.7246413934426229 0.06121926229508197 0.03560450819672131
0 0.3391393442622951 0.6923668032786885 0.050204918032786885 0.0699282786885246
0 0.36219262295081966 0.6531762295081968 0.04969262295081967 0.07914959016393443
0 0.4057377049180328 0.6375512295081968 0.03867827868852459 0.0704405737704918
0 0.4331454918032787 0.6503586065573771 0.040983606557377046 0.08888319672131148
0 0.14651639344262296 0.6529200819672131 0.050204918032786885 0.05302254098360656
0 0.33478483606557374 0.7830430327868853 0.04969262295081967 0.046362704918032786
0 0.3004610655737705 0.8355532786885246 0.04328893442622951 0.06839139344262295
0 0.1401127049180328 0.7630635245901639 0.033299180327868855 0.044825819672131145
0 0.11014344262295082 0.7722848360655737 0.03048155737704918 0.06531762295081968
0 0.37474385245901637 0.8250512295081968 0.035860655737704916 0.06173155737704918
0 0.4728483606557377 0.7784323770491803 0.05968237704918033 0.030225409836065573
0 0.43621926229508196 0.8127561475409836 0.056608606557377046 0.04431352459016393
0 0.3719262295081967 0.8752561475409836 0.07172131147540983 0.046875
0 0.3511782786885246 0.920594262295082 0.0548155737704918 0.048924180327868855
0 0.4405737704918033 0.9536372950819673 0.04789959016393443 0.060706967213114756
0 0.22387295081967212 0.8711577868852459 0.05737704918032787 0.048924180327868855
0 0.14805327868852458 0.960297131147541 0.054047131147540985 0.057633196721311473
0 0.06352459016393443 0.8849897540983607 0.05814549180327869 0.046875
0 0.052766393442622954 0.7653688524590164 0.0235655737704918 0.07607581967213115
0 0.021772540983606557 0.7646004098360656 0.0235655737704918 0.07146516393442623
0 0.030737704918032786 0.6150102459016393 0.038165983606557374 0.048924180327868855
0 0.047387295081967214 0.639344262295082 0.040983606557377046 0.0391905737704918
0 0.0622438524590164 0.6657274590163934 0.04585040983606557 0.038165983606557374
0 0.09477459016393443 0.6846823770491803 0.042008196721311473 0.02971311475409836
0 0.5760758196721312 0.8055840163934426 0.047387295081967214 0.08017418032786885
0 0.6875 0.7681864754098361 0.04328893442622951 0.025102459016393443
0 0.6995389344262295 0.7996926229508197 0.04559426229508197 0.054047131147540985
0 0.6623975409836066 0.8035348360655737 0.0471311475409836 0.05353483606557377
0 0.6168032786885246 0.8250512295081968 0.03253073770491803 0.08427254098360656
0 0.6242315573770492 0.8936987704918032 0.054047131147540985 0.06121926229508197
0 0.7784323770491803 0.7950819672131147 0.037141393442622954 0.06736680327868852
0 0.8329918032786885 0.7914959016393442 0.03253073770491803 0.05712090163934426
0 0.8647540983606558 0.7689549180327869 0.03201844262295082 0.046362704918032786
0 0.8972848360655737 0.7938012295081968 0.033299180327868855 0.057633196721311473
0 0.8944672131147541 0.8545081967213115 0.05507172131147541 0.07197745901639344
0 0.9390368852459017 0.8803790983606558 0.04328893442622951 0.04585040983606557
0 0.983094262295082 0.7597336065573771 0.028944672131147542 0.04943647540983607
0 0.9293032786885246 0.7400102459016393 0.029969262295081966 0.025102459016393443
0 0.9408299180327869 0.7630635245901639 0.03662909836065574 0.07453893442622951
0 0.9633709016393442 0.7686987704918032 0.02151639344262295 0.0776127049180328
0 0.9239241803278688 0.9369877049180327 0.03432377049180328 0.03765368852459016
0 0.9894979508196722 0.9538934426229508 0.019979508196721313 0.05302254098360656
0 0.9326331967213115 0.9823258196721312 0.035860655737704916 0.034579918032786885
0 0.9628586065573771 0.9859118852459017 0.03125 0.027151639344262294
0 0.27484631147540983 0.029456967213114756 0.04252049180327869 0.05891393442622951
0 0.40292008196721313 0.00742827868852459 0.041239754098360656 0.01485655737704918
0 0.44390368852459017 0.10655737704918032 0.06121926229508197 0.047387295081967214
0 0.5914446721311475 0.028944672131147542 0.038422131147540985 0.057889344262295084
0 0.4641393442622951 0.18570696721311475 0.0701844262295082 0.07710040983606557
0 0.5596823770491803 0.14626024590163936 0.04252049180327869 0.07453893442622951
0 0.5081967213114754 0.12781762295081966 0.045081967213114756 0.05712090163934426
0 0.5215163934426229 0.1016905737704918 0.04175204918032787 0.059170081967213115
0 0.561219262295082 0.09170081967213115 0.0586577868852459 0.04175204918032787
0 0.5443135245901639 0.05814549180327869 0.0471311475409836 0.046362704918032786
0 0.5776127049180327 0.05891393442622951 0.03125 0.05609631147540984
0 0.1567622950819672 0.2635758196721312 0.0427766393442623 0.05609631147540984
0 0.22592213114754098 0.274077868852459 0.03355532786885246 0.0545594262295082
0 0.1910860655737705 0.2738217213114754 0.039702868852459015 0.06121926229508197
0 0.2149077868852459 0.23130122950819673 0.03790983606557377 0.04994877049180328
0 0.10271516393442623 0.28790983606557374 0.0427766393442623 0.05302254098360656
0 0.07146516393442623 0.31275614754098363 0.02151639344262295 0.046362704918032786
0 0.012551229508196721 0.2999487704918033 0.025102459016393443 0.0545594262295082
0 0.109375 0.19287909836065573 0.04585040983606557 0.05046106557377049
0 0.04559426229508197 0.21593237704918034 0.04328893442622951 0.04431352459016393
0 0.05353483606557377 0.1713627049180328 0.03406762295081967 0.03406762295081967
0 0.08273565573770492 0.13550204918032788 0.02817622950819672 0.05712090163934426
0 0.03765368852459016 0.13934426229508196 0.043545081967213115 0.04431352459016393
0 0.028944672131147542 0.13217213114754098 0.03944672131147541 0.05353483606557377
0 0.012807377049180328 0.08888319672131148 0.02535860655737705 0.04533811475409836
0 0.8406762295081968 0.25128073770491804 0.05712090163934426 0.05712090163934426
0 0.7297643442622951 0.20901639344262296 0.052766393442622954 0.046875
0 0.7010758196721312 0.17648565573770492 0.03560450819672131 0.07505122950819672
0 0.6672643442622951 0.1713627049180328 0.038165983606557374 0.07197745901639344
0 0.7085040983606558 0.1442110655737705 0.04815573770491803 0.03867827868852459
0 0.6816086065573771 0.1091188524590164 0.05353483606557377 0.04328893442622951
0 0.8096823770491803 0.052766393442622954 0.0466188524590164 0.04789959016393443
0 0.9159836065573771 0.32274590163934425 0.037141393442622954 0.02305327868852459
0 0.9918032786885246 0.12295081967213115 0.015368852459016393 0.052510245901639344
0 0.8954918032786885 0.02305327868852459 0.03278688524590164 0.04610655737704918
0 0.8785860655737705 0.02459016393442623 0.03483606557377049 0.04918032786885246
0 0.9559426229508197 0.23591188524590165 0.02535860655737705 0.04789959016393443
0 0.9748975409836066 0.2625512295081967 0.03253073770491803 0.04789959016393443