0 0.35040983606557374 0.2651127049180328 0.040983606557377046 0.0568967725409836
0 0.6854508196721312 0.06454918032786885 0.05119748975409836 0.05427126024590164
0 0.6918545081967213 0.12423155737704918 0.04047131147540984 0.07021644467213115
0 0.6716188524590164 0.6667520491803278 0.06349257172131148 0.04966060450819672
0 0.6857069672131147 0.19723360655737704 0.04047131147540984 0.06349257172131148
0 0.6823770491803278 0.25486680327868855 0.04405737704918033 0.05792136270491803
0 0.6339651639344263 0.24769467213114754 0.04815573770491803 0.07329021516393443
0 0.6301229508196722 0.3109631147540984 0.042008196721311473 0.06451716188524591
0 0.6170594262295082 0.3624487704918033 0.05122950819672131 0.050749231557377046
0 0.7448770491803278 0.4203381147540984 0.04408939549180328 0.08244748975409837
0 0.7994364754098361 0.37679303278688525 0.051741803278688527 0.05587218237704918
0 0.8007172131147541 0.32530737704918034 0.05122950819672131 0.053246670081967214
0 0.8427254098360656 0.31224385245901637 0.03387551229508197 0.06195568647540984
0 0.8660348360655737 0.36962090163934425 0.04761142418032787 0.06816726434426229
0 0.9067622950819673 0.3796106557377049 0.0369172643442623 0.07072873975409837
0 0.9190573770491803 0.31813524590163933 0.035860655737704916 0.03173027663934426
0 0.9731045081967213 0.38140368852459017 0.04351306352459016 0.04357710040983607
0 0.9930840163934426 0.4208504098360656 0.012839395491803279 0.0486360143442623
0 0.9620901639344263 0.2617827868852459 0.035860655737704916 0.06253201844262295
0 0.8084016393442623 0.5171618852459017 0.05430327868852459 0.05792136270491803
0 0.8247950819672131 0.5671106557377049 0.03275486680327869 0.057345030737704916
0 0.8168545081967213 0.6180840163934426 0.05382300204918033 0.046650870901639344
0 0.7886782786885246 0.6570184426229508 0.03432377049180328 0.07322617827868852
0 0.9003586065573771 0.24692622950819673 0.0471311475409836 0.04408939549180328
0 0.8967725409836066 0.2036372950819672 0.035316342213114756 0.04658683401639344
0 0.8803790983606558 0.11244877049180328 0.030193391393442622 0.054847592213114756
0 0.9144467213114754 0.08273565573770492 0.0389344262295082 0.03634093237704918
0 0.9095799180327869 0.11065573770491803 0.0333311987704918 0.041015625
0 0.8767930327868853 0.06147540983606557 0.035860655737704916 0.043000768442622954
0 0.6834016393442623 0.695952868852459 0.06346055327868852 0.04658683401639344
0 0.6851946721311475 0.7702356557377049 0.05888191598360656 0.030225409836065573
0 0.6429303278688525 0.8142930327868853 0.04399334016393443 0.06912781762295082
0 0.6198770491803278 0.8534836065573771 0.03483606557377049 0.08302382172131148
0 0.592469262295082 0.8253073770491803 0.04255251024590164 0.07988601434426229
0 0.4551741803278688 0.3427254098360656 0.04252049180327869 0.07681224385245902
0 0.4047131147540984 0.0315061475409836 0.051293545081967214 0.06298027663934426
0 0.08452868852459017 0.016137295081967214 0.036885245901639344 0.03227459016393443
0 0.06173155737704918 0.14779713114754098 0.040983606557377046 0.054847592213114756
0 0.1019467213114754 0.21567622950819673 0.04408939549180328 0.05119748975409836
0 0.1557377049180328 0.27638319672131145 0.04911629098360656 0.059970543032786885
0 0.1918545081967213 0.3171106557377049 0.03637295081967213 0.057345030737704916
0 0.10502049180327869 0.3201844262295082 0.04607453893442623 0.05427126024590164
0 0.07248975409836066 0.36552254098360654 0.03790983606557377 0.05894595286885246
0 0.15087090163934427 0.4077868852459016 0.05382300204918033 0.0757876536885246
0 0.31915983606557374 0.397797131147541 0.048123719262295084 0.09733606557377049
0 0.37781762295081966 0.4449282786885246 0.050749231557377046 0.07220158811475409
0 0.8393954918032787 0.6380635245901639 0.03845414959016393 0.07533939549180328
0 0.8596311475409836 0.649077868852459 0.04911629098360656 0.061507428278688527
0 0.7715163934426229 0.7105532786885246 0.0471311475409836 0.04607453893442623
0 0.7768954918032787 0.7725409836065574 0.05122950819672131 0.04716316598360656
0 0.7996926229508197 0.804047131147541 0.043000768442622954 0.07015240778688525
0 0.8335040983606558 0.7904713114754098 0.03278688524590164 0.058369620901639344
0 0.859375 0.7697233606557377 0.052766393442622954 0.045626280737704916
0 0.6362704918032787 0.6411372950819673 0.03582863729508197 0.08968365778688525
0 0.5911885245901639 0.6565061475409836 0.0430968237704918 0.07937371926229508
0 0.5491803278688525 0.711577868852459 0.043000768442622954 0.06759093237704918
0 0.5886270491803278 0.921875 0.050204918032786885 0.05375896516393443
0 0.6652151639344263 0.9106045081967213 0.0373655225409836 0.07117699795081968
0 0.7010758196721312 0.8967725409836066 0.040439293032786885 0.072265625
0 0.8181352459016393 0.9077868852459017 0.04716316598360656 0.048123719262295084
0 0.8650102459016393 0.9828381147540983 0.03790983606557377 0.0333311987704918
0 0.9223872950819673 0.9751536885245902 0.036404969262295084 0.0487000512295082
0 0.9572233606557377 0.9779713114754098 0.03637295081967213 0.033843493852459015
0 0.9725922131147541 0.9390368852459017 0.03845414959016393 0.0450499487704918
0 0.9339139344262295 0.852202868852459 0.03592469262295082 0.0568967725409836
0 0.9731045081967213 0.8125 0.02971311475409836 0.05427126024590164
0 0.8752561475409836 0.6805840163934426 0.0466188524590164 0.05785732581967213
0 0.8855020491803278 0.7205430327868853 0.03432377049180328 0.046650870901639344
0 0.2894467213114754 0.5986168032786885 0.04921234631147541 0.05587218237704918
0 0.36219262295081966 0.5870901639344263 0.058433657786885244 0.047099129098360656
0 0.923155737704918 0.5827356557377049 0.0470671106557377 0.04453765368852459
0 0.9526127049180327 0.5660860655737705 0.04405737704918033 0.04607453893442623
0 0.9838627049180327 0.5491803278688525 0.03125 0.04914830942622951
0 0.9536372950819673 0.6467725409836066 0.0389344262295082 0.0568967725409836
0 0.9823258196721312 0.7551229508196722 0.027119620901639344 0.04716316598360656
0 0.9449282786885246 0.7620389344262295 0.02663934426229508 0.07431480532786885
0 0.9620901639344263 0.765625 0.01943519467213115 0.07124103483606557
0 0.9910348360655737 0.7909836065573771 0.017418032786885244 0.043000768442622954
0 0.9815573770491803 0.6198770491803278 0.026671362704918034 0.07687628073770492
0 0.9907786885245902 0.6293545081967213 0.0174500512295082 0.06611808401639344
0 0.9346823770491803 0.6908299180327869 0.04255251024590164 0.045562243852459015
0 0.25922131147540983 0.8801229508196722 0.05535988729508197 0.04613857581967213
0 0.2978995901639344 0.9164959016393442 0.03429175204918033 0.08603355532786885
0 0.3401639344262295 0.8463114754098361 0.035860655737704916 0.05126152663934426
0 0.23565573770491804 0.6698258196721312 0.05327868852459016 0.06093109631147541
0 0.20645491803278687 0.6401127049180327 0.03483606557377049 0.08251152663934426
0 0.17341188524590165 0.6331967213114754 0.0333311987704918 0.08199923155737705
0 0.14728483606557377 0.5909323770491803 0.03483606557377049 0.06912781762295082
0 0.1552254098360656 0.6559938524590164 0.02663934426229508 0.0568967725409836
0 0.13140368852459017 0.6260245901639344 0.042008196721311473 0.05945824795081967
0 0.0863217213114754 0.6342213114754098 0.03483606557377049 0.07687628073770492
0 0.028944672131147542 0.6162909836065574 0.027663934426229508 0.07072873975409837
0 0.012295081967213115 0.6247438524590164 0.02459016393442623 0.05792136270491803
0 0.07197745901639344 0.7236168032786885 0.0291688012295082 0.06099513319672131
0 0.03637295081967213 0.7707479508196722 0.02971311475409836 0.050749231557377046
0 0.027151639344262294 0.8465676229508197 0.035860655737704916 0.06509349385245902
0 0.030993852459016393 0.9013831967213115 0.04146388319672131 0.050749231557377046
0 0.0391905737704918 0.9715676229508197 0.02663934426229508 0.05382300204918033
0 0.01408811475409836 0.954405737704918 0.02817622950819672 0.05529585040983607
0 0.14190573770491804 0.7346311475409836 0.0389344262295082 0.04716316598360656
0 0.14754098360655737 0.8491290983606558 0.04716316598360656 0.05587218237704918
0 0.20184426229508196 0.8148053278688525 0.03483606557377049 0.07527535860655737
0 0.16905737704918034 0.7973872950819673 0.028720543032786885 0.07425076844262295
0 0.1444672131147541 0.7899590163934426 0.02663934426229508 0.062467981557377046
0 0.2348872950819672 0.7881659836065574 0.06096311475409836 0.05785732581967213
0 0.3073770491803279 0.6854508196721312 0.045146004098360656 0.03992699795081967
0 0.28739754098360654 0.7815061475409836 0.03374743852459016 0.050685194672131145
0 0.32889344262295084 0.7366803278688525 0.05737704918032787 0.06560578893442623
0 0.35297131147540983 0.7935450819672131 0.048123719262295084 0.047099129098360656
0 0.37730532786885246 0.8311987704918032 0.03429175204918033 0.07117699795081968
0 0.41265368852459017 0.826844262295082 0.036404969262295084 0.06759093237704918
0 0.43826844262295084 0.8160860655737705 0.03845414959016393 0.06759093237704918
0 0.44339139344262296 0.6598360655737705 0.06304431352459017 0.06554175204918032
0 0.39728483606557374 0.6308913934426229 0.035316342213114756 0.08353611680327869
0 0.4567110655737705 0.7835553278688525 0.05942622950819672 0.04146388319672131
0 0.46593237704918034 0.7361680327868853 0.06502945696721311 0.017418032786885244
0 0.4613217213114754 0.7067110655737705 0.06557377049180328 0.04248847336065574
0 0.3355532786885246 0.6800717213114754 0.05327868852459016 0.05888191598360656
0 0.36936475409836067 0.6526639344262295 0.03387551229508197 0.09122054303278689
0 0.3332479508196721 0.6306352459016393 0.04252049180327869 0.061507428278688527