0 0.7382172131147541 0.5222848360655737 0.05430327868852459 0.057953381147540985
0 0.7809938524590164 0.5814549180327869 0.03739754098360656 0.07780481557377049
0 0.8171106557377049 0.6311475409836066 0.050204918032786885 0.059490266393442626
0 0.8573258196721312 0.6483094262295082 0.04405737704918033 0.06410092213114754
0 0.8732069672131147 0.6593237704918032 0.045081967213114756 0.04911629098360656
0 0.8775614754098361 0.6990266393442623 0.03393954918032787 0.047579405737704916
0 0.8501536885245902 0.7674180327868853 0.04565829918032787 0.04821977459016393
0 0.8099385245901639 0.7958504098360656 0.03374743852459016 0.06807120901639344
0 0.8542520491803278 0.8271004098360656 0.03432377049180328 0.07216956967213115
0 0.8934426229508197 0.819672131147541 0.030737704918032786 0.0624359631147541
0 0.9129098360655737 0.8583504098360656 0.050268954918032786 0.0466828893442623
0 0.9418545081967213 0.8811475409836066 0.043481045081967214 0.04412141393442623
0 0.9651639344262295 0.9106045081967213 0.040855532786885244 0.05577612704918033
0 0.9239241803278688 0.9482581967213115 0.038486168032786885 0.055263831967213115
0 0.9295594262295082 0.9792520491803278 0.03125 0.04053534836065574
0 0.9646516393442623 0.9715676229508197 0.031826331967213115 0.05078125
0 0.9918032786885246 0.9574795081967213 0.016265368852459015 0.025742827868852458
0 0.8245389344262295 0.8642418032786885 0.038486168032786885 0.07178534836065574
0 0.7961065573770492 0.9341700819672131 0.0470030737704918 0.0506531762295082
0 0.7543545081967213 0.6536885245901639 0.04565829918032787 0.06461321721311475
0 0.7284836065573771 0.7881659836065574 0.03989497950819672 0.06294825819672131
0 0.7277151639344263 0.6749487704918032 0.03483606557377049 0.08446465163934426
0 0.7909836065573771 0.44979508196721313 0.050204918032786885 0.05116547131147541
0 0.8068647540983607 0.4024077868852459 0.05219006147540984 0.04770747950819672
0 0.7845799180327869 0.37525614754098363 0.05180584016393443 0.04463370901639344
0 0.7292520491803278 0.34989754098360654 0.06557377049180328 0.046170594262295084
0 0.7863729508196722 0.29764344262295084 0.0430968237704918 0.03989497950819672
0 0.727202868852459 0.2786885245901639 0.0548155737704918 0.056416495901639344
0 0.7612704918032787 0.21542008196721313 0.03790983606557377 0.07114497950819672
0 0.7315573770491803 0.19057377049180327 0.03675717213114754 0.06550973360655737
0 0.7640881147540983 0.12115778688524591 0.0389344262295082 0.05897797131147541
0 0.7233606557377049 0.09836065573770492 0.03675717213114754 0.051293545081967214
0 0.8596311475409836 0.03483606557377049 0.027663934426229508 0.04809170081967213
0 0.6362704918032787 0.4925717213114754 0.06749487704918032 0.05897797131147541
0 0.5504610655737705 0.6488217213114754 0.056800717213114756 0.05590420081967213
0 0.6357581967213115 0.8199282786885246 0.03387551229508197 0.07319415983606557
0 0.5753073770491803 0.8068647540983607 0.035860655737704916 0.07063268442622951
0 0.8414446721311475 0.2540983606557377 0.04155993852459016 0.045146004098360656
0 0.8240266393442623 0.15804303278688525 0.043481045081967214 0.04450563524590164
0 0.8383709016393442 0.19339139344262296 0.03637295081967213 0.061923668032786885
0 0.9072745901639344 0.2497438524590164 0.042008196721311473 0.06102715163934426
0 0.9057377049180327 0.09067622950819672 0.02651127049180328 0.04911629098360656
0 0.8639856557377049 0.32530737704918034 0.02971311475409836 0.0747310450819672
0 0.8901127049180327 0.34964139344262296 0.032210553278688527 0.07332223360655737
0 0.9172643442622951 0.3094262295081967 0.03643698770491803 0.045017930327868855
0 0.9239241803278688 0.6542008196721312 0.03483606557377049 0.060514856557377046
0 0.9346823770491803 0.6985143442622951 0.04252049180327869 0.0352843237704918
0 0.9392930327868853 0.7515368852459017 0.033363217213114756 0.05334272540983607
0 0.9536372950819673 0.7666495901639344 0.02971311475409836 0.07537141393442623
0 0.9567110655737705 0.6283299180327869 0.030737704918032786 0.07127305327868852
0 0.9818135245901639 0.6214139344262295 0.02612704918032787 0.07485911885245902
0 0.9910348360655737 0.6324282786885246 0.017418032786885244 0.05692879098360656
0 0.9815573770491803 0.7564036885245902 0.02971311475409836 0.04565829918032787
0 0.9810450819672131 0.804047131147541 0.035796618852459015 0.04450563524590164
0 0.9879610655737705 0.8391393442622951 0.019018954918032786 0.02856045081967213
0 0.9656762295081968 0.5089651639344263 0.027663934426229508 0.07229764344262295
0 0.9871926229508197 0.5087090163934426 0.02548668032786885 0.04924436475409836
0 0.9323770491803278 0.4405737704918033 0.03272284836065574 0.06550973360655737
0 0.9723360655737705 0.38575819672131145 0.02651127049180328 0.06256403688524591
0 0.9541495901639344 0.32197745901639346 0.038486168032786885 0.043481045081967214
0 0.9559426229508197 0.29661885245901637 0.0349001024590164 0.05628842213114754
0 0.991547131147541 0.23232581967213115 0.015945184426229508 0.0466828893442623
0 0.5771004098360656 0.5466188524590164 0.04559426229508197 0.0819031762295082
0 0.5573770491803278 0.7054303278688525 0.05231813524590164 0.06141137295081967
0 0.5053790983606558 0.710297131147541 0.04040727459016393 0.06807120901639344
0 0.5394467213114754 0.779969262295082 0.0389344262295082 0.0354123975409836
0 0.5197233606557377 0.7976434426229508 0.04252049180327869 0.05731301229508197
0 0.5274077868852459 0.8457991803278688 0.05385502049180328 0.05744108606557377
0 0.5097336065573771 0.9410860655737705 0.055263831967213115 0.04911629098360656
0 0.4415983606557377 0.8816598360655737 0.05315061475409836 0.051293545081967214
0 0.42161885245901637 0.8393954918032787 0.05731301229508197 0.047579405737704916
0 0.3680840163934426 0.8173668032786885 0.037333504098360656 0.04962858606557377
0 0.33785860655737704 0.7802254098360656 0.038358094262295084 0.045146004098360656
0 0.4646516393442623 0.7225922131147541 0.06358862704918032 0.043609118852459015
0 0.46849385245901637 0.7761270491803278 0.04565829918032787 0.027663934426229508
0 0.44236680327868855 0.7971311475409836 0.052766393442622954 0.0470671106557377
0 0.4426229508196721 0.6649590163934426 0.060386782786885244 0.05731301229508197
0 0.3719262295081967 0.6572745901639344 0.061539446721311473 0.06448514344262295
0 0.3358094262295082 0.695952868852459 0.053726946721311473 0.0506531762295082
0 0.3050717213114754 0.8993340163934426 0.05078125 0.07229764344262295
0 0.26639344262295084 0.7891905737704918 0.040855532786885244 0.07319415983606557
0 0.3629610655737705 0.5578893442622951 0.040983606557377046 0.08907530737704918
0 0.6183401639344263 0.2456454918032787 0.0583376024590164 0.04463370901639344
0 0.576844262295082 0.21106557377049182 0.05750512295081967 0.05321465163934426
0 0.5932377049180327 0.15010245901639344 0.0390625 0.05744108606557377
0 0.5632684426229508 0.09503073770491803 0.0625 0.048732069672131145
0 0.5033299180327869 0.06711065573770492 0.04143186475409836 0.060386782786885244
0 0.5694159836065574 0.03944672131147541 0.03637295081967213 0.06141137295081967
0 0.5368852459016393 0.02612704918032787 0.03989497950819672 0.051293545081967214
0 0.4930840163934426 0.19672131147540983 0.03944672131147541 0.06550973360655737
0 0.24180327868852458 0.6951844262295082 0.06550973360655737 0.0470671106557377
0 0.47105532786885246 0.23309426229508196 0.051741803278688527 0.05436731557377049
0 0.4354508196721312 0.20824795081967212 0.05942622950819672 0.0506531762295082
0 0.44646516393442626 0.26383196721311475 0.037333504098360656 0.061539446721311473
0 0.37371926229508196 0.1723872950819672 0.04047131147540984 0.07421875
0 0.29815573770491804 0.21132172131147542 0.04924436475409836 0.052702356557377046
0 0.38089139344262296 0.29866803278688525 0.056800717213114756 0.0624359631147541
0 0.5020491803278688 0.33043032786885246 0.0471311475409836 0.04809170081967213
0 0.608094262295082 0.35860655737704916 0.04924436475409836 0.051293545081967214
0 0.5558401639344263 0.3788422131147541 0.050268954918032786 0.06307633196721311
0 0.5965676229508197 0.38396516393442626 0.037333504098360656 0.06819928278688525
0 0.4925717213114754 0.44825819672131145 0.03637295081967213 0.06448514344262295
0 0.44646516393442626 0.4953893442622951 0.06499743852459017 0.051293545081967214
0 0.45645491803278687 0.4536372950819672 0.045017930327868855 0.0824154713114754
0 0.4526127049180328 0.546875 0.0506531762295082 0.053726946721311473
0 0.49359631147540983 0.5146004098360656 0.04450563524590164 0.07537141393442623
0 0.18929303278688525 0.2338627049180328 0.048732069672131145 0.04770747950819672
0 0.1682889344262295 0.8542520491803278 0.043545081967213115 0.05692879098360656
0 0.1606045081967213 0.7850922131147541 0.0466188524590164 0.052702356557377046
0 0.19825819672131148 0.6221823770491803 0.05116547131147541 0.07229764344262295
0 0.1606045081967213 0.6155225409836066 0.03790983606557377 0.038486168032786885
0 0.15420081967213115 0.5632684426229508 0.04911629098360656 0.05987448770491803
0 0.23104508196721313 0.5425204918032787 0.04405737704918033 0.07165727459016394
0 0.2697233606557377 0.41956967213114754 0.0588498975409836 0.06346055327868852
0 0.2581967213114754 0.3552766393442623 0.04296875 0.06102715163934426
0 0.28790983606557374 0.3206967213114754 0.037013319672131145 0.07780481557377049
0 0.24820696721311475 0.304047131147541 0.0352843237704918 0.07729252049180328
0 0.21875 0.30174180327868855 0.029777151639344263 0.07165727459016394
0 0.13037909836065573 0.3478483606557377 0.028240266393442622 0.05436731557377049
0 0.19415983606557377 0.3447745901639344 0.04213627049180328 0.055391905737704916
0 0.078125 0.45901639344262296 0.04258452868852459 0.04399334016393443
0 0.12423155737704918 0.6841700819672131 0.04770747950819672 0.06704661885245902
0 0.03125 0.33478483606557374 0.0430968237704918 0.051677766393442626
0 0.012551229508196721 0.3603995901639344 0.025102459016393443 0.048732069672131145
0 0.06762295081967214 0.5975922131147541 0.04924436475409836 0.05385502049180328
0 0.06096311475409836 0.6516393442622951 0.04213627049180328 0.04412141393442623
0 0.04149590163934426 0.5694159836065574 0.030673668032786885 0.06397284836065574
0 0.030225409836065573 0.6221823770491803 0.027792008196721313 0.08049436475409837
0 0.007684426229508197 0.6160348360655737 0.015368852459016393 0.07946977459016394
0 0.04149590163934426 0.9572233606557377 0.02663934426229508 0.047579405737704916
0 0.06659836065573771 0.9871926229508197 0.027599897540983607 0.02459016393442623
0 0.015881147540983607 0.9720799180327869 0.029777151639344263 0.0548796106557377
0 0.09477459016393443 0.8860143442622951 0.031826331967213115 0.06410092213114754
0 0.010758196721311475 0.8578381147540983 0.02151639344262295 0.06102715163934426
0 0.07300204918032786 0.8078893442622951 0.031762295081967214 0.06960809426229508
0 0.10732581967213115 0.7866290983606558 0.0466188524590164 0.048603995901639344
0 0.0627561475409836 0.7502561475409836 0.043545081967213115 0.052830430327868855
0 0.09733606557377049 0.7197745901639344 0.03291495901639344 0.08920338114754098
0 0.1408811475409836 0.19825819672131148 0.04194415983606557 0.0665343237704918
0 0.012038934426229508 0.20645491803278687 0.024013831967213115 0.0388703893442623
0 0.07402663934426229 0.18135245901639344 0.024013831967213115 0.06346055327868852
0 0.09887295081967214 0.18186475409836064 0.043929303278688527 0.05219006147540984
0 0.05712090163934426 0.1723872950819672 0.02612704918032787 0.056800717213114756
0 0.04533811475409836 0.1552254098360656 0.02971311475409836 0.06563780737704918
0 0.09938524590163934 0.08017418032786885 0.035860655737704916 0.04143186475409836
0 0.19646516393442623 0.13396516393442623 0.048668032786885244 0.057953381147540985
0 0.1600922131147541 0.13037909836065573 0.04559426229508197 0.038486168032786885
0 0.20594262295081966 0.09528688524590163 0.051357581967213115 0.040023053278688527
0 0.1877561475409836 0.07735655737704918 0.03125 0.0624359631147541
0 0.1598360655737705 0.08862704918032786 0.028816598360655737 0.05219006147540984
0 0.13063524590163936 0.06506147540983606 0.03163422131147541 0.04809170081967213
0 0.10476434426229508 0.14549180327868852 0.0352843237704918 0.0349001024590164
0 0.08452868852459017 0.1293545081967213 0.040983606557377046 0.04053534836065574
0 0.13191598360655737 0.1014344262295082 0.025166495901639344 0.045146004098360656