0 0.7835553278688525 0.4805327868852459 0.0661501024590164 0.05334272540983607
0 0.8386270491803278 0.522797131147541 0.0430968237704918 0.05692879098360656
0 0.907530737704918 0.4713114754098361 0.05635245901639344 0.045146004098360656
0 0.8957479508196722 0.5689036885245902 0.033363217213114756 0.07216956967213115
0 0.876280737704918 0.602202868852459 0.04565829918032787 0.048732069672131145
0 0.8109631147540983 0.6096311475409836 0.04405737704918033 0.05436731557377049
0 0.8603995901639344 0.6534323770491803 0.0471311475409836 0.0548796106557377
0 0.7858606557377049 0.6690573770491803 0.03790983606557377 0.0624359631147541
0 0.8770491803278688 0.7015881147540983 0.03470799180327869 0.03938268442622951
0 0.7704918032786885 0.7161885245901639 0.05231813524590164 0.03784579918032787
0 0.9398053278688525 0.663422131147541 0.04155993852459016 0.04194415983606557
0 0.9556864754098361 0.632172131147541 0.0354123975409836 0.06358862704918032
0 0.9828381147540983 0.6191086065573771 0.03278688524590164 0.07742059426229508
0 0.9748975409836066 0.7658811475409836 0.036949282786885244 0.05436731557377049
0 0.9285348360655737 0.7420594262295082 0.03637295081967213 0.030225409836065573
0 0.9418545081967213 0.7599897540983607 0.030161372950819672 0.06922387295081968
0 0.9464651639344263 0.7889344262295082 0.027087602459016393 0.060386782786885244
0 0.9690061475409836 0.8273565573770492 0.042008196721311473 0.04809170081967213
0 0.9910348360655737 0.8411885245901639 0.017418032786885244 0.05423924180327869
0 0.8417008196721312 0.7904713114754098 0.04194415983606557 0.05423924180327869
0 0.8237704918032787 0.8324795081967213 0.037013319672131145 0.05423924180327869
0 0.7448770491803278 0.8145491803278688 0.06141137295081967 0.05628842213114754
0 0.9433913934426229 0.38140368852459017 0.050204918032786885 0.05897797131147541
0 0.8839651639344263 0.3865266393442623 0.037333504098360656 0.05078125
0 0.8347848360655737 0.37730532786885246 0.06102715163934426 0.06102715163934426
0 0.7932889344262295 0.3276127049180328 0.05692879098360656 0.042456454918032786
0 0.891905737704918 0.3324795081967213 0.06864754098360656 0.05219006147540984
0 0.8019979508196722 0.9905225409836066 0.032210553278688527 0.017930327868852458
0 0.836577868852459 0.9935963114754098 0.04719518442622951 0.0117827868852459
0 0.8847336065573771 0.9941086065573771 0.02971311475409836 0.010758196721311475
0 0.4697745901639344 0.5724897540983607 0.05622438524590164 0.05577612704918033
0 0.6657274590163934 0.7986680327868853 0.056800717213114756 0.050140881147540985
0 0.6378073770491803 0.8127561475409836 0.045978483606557374 0.047579405737704916
0 0.5947745901639344 0.8117315573770492 0.05238217213114754 0.0506531762295082
0 0.5640368852459017 0.7927766393442623 0.04194415983606557 0.06089907786885246
0 0.532530737704918 0.9600409836065574 0.05891393442622951 0.05936219262295082
0 0.5619877049180327 0.7233606557377049 0.06141137295081967 0.04412141393442623
0 0.5786372950819673 0.6805840163934426 0.06915983606557377 0.0588498975409836
0 0.5981045081967213 0.6454918032786885 0.05942622950819672 0.051293545081967214
0 0.6426741803278688 0.6460040983606558 0.03739754098360656 0.0902279713114754
0 0.7264344262295082 0.6990266393442623 0.036949282786885244 0.06499743852459017
0 0.7282274590163934 0.7489754098360656 0.03951075819672131 0.050268954918032786
0 0.6736680327868853 0.6849385245901639 0.04828381147540984 0.07780481557377049
0 0.41290983606557374 0.9398053278688525 0.05122950819672131 0.04962858606557377
0 0.0627561475409836 0.9836065573770492 0.0352843237704918 0.031826331967213115
0 0.03381147540983607 0.9474897540983607 0.03278688524590164 0.061923668032786885
0 0.018954918032786885 0.9877049180327869 0.025550717213114756 0.0235655737704918
0 0.32581967213114754 0.9272540983606558 0.0470030737704918 0.060386782786885244
0 0.2738217213114754 0.8650102459016393 0.05891393442622951 0.06000256147540984
0 0.05122950819672131 0.7607581967213115 0.04194415983606557 0.07076075819672131
0 0.0117827868852459 0.595030737704918 0.0235655737704918 0.06205174180327869
0 0.04252049180327869 0.6037397540983607 0.05219006147540984 0.05590420081967213
0 0.08811475409836066 0.6385758196721312 0.028752561475409836 0.06819928278688525
0 0.010502049180327868 0.3734631147540984 0.020940061475409836 0.04924436475409836
0 0.2856045081967213 0.018442622950819672 0.043545081967213115 0.036885245901639344
0 0.5478995901639344 0.00665983606557377 0.027087602459016393 0.01331967213114754
0 0.8798668032786885 0.017418032786885244 0.0466188524590164 0.03483606557377049
0 0.9818135245901639 0.019211065573770492 0.022028688524590164 0.038422131147540985
0 0.9861680327868853 0.1716188524590164 0.026703381147540985 0.04296875
0 0.022028688524590164 0.26229508196721313 0.036949282786885244 0.05334272540983607
0 0.0194672131147541 0.1526639344262295 0.0389344262295082 0.039959016393442626
0 0.01408811475409836 0.11168032786885246 0.02817622950819672 0.036949282786885244
0 0.011526639344262296 0.08145491803278689 0.02305327868852459 0.0388703893442623
0 0.9733606557377049 0.26280737704918034 0.03483606557377049 0.04924436475409836
0 0.9464651639344263 0.2692110655737705 0.02414190573770492 0.05692879098360656
0 0.8947233606557377 0.28253073770491804 0.03637295081967213 0.0547515368852459
0 0.9070184426229508 0.24846311475409835 0.038486168032786885 0.06256403688524591
0 0.8496413934426229 0.24487704918032788 0.02971311475409836 0.06256403688524591
0 0.8711577868852459 0.25486680327868855 0.03483606557377049 0.05692879098360656
0 0.8084016393442623 0.22566598360655737 0.031826331967213115 0.06512551229508197
0 0.8145491803278688 0.04585040983606557 0.03086577868852459 0.06397284836065574
0 0.7950819672131147 0.060450819672131145 0.028816598360655737 0.05321465163934426
0 0.8043032786885246 0.1011782786885246 0.04604252049180328 0.04258452868852459
0 0.5934938524590164 0.04841188524590164 0.029136782786885244 0.06089907786885246
0 0.5650614754098361 0.06480532786885246 0.041047643442622954 0.06499743852459017
0 0.7315573770491803 0.2143954918032787 0.05122950819672131 0.052702356557377046
0 0.7364241803278688 0.17494877049180327 0.05584016393442623 0.04962858606557377
0 0.6667520491803278 0.1834016393442623 0.03951075819672131 0.06141137295081967
0 0.6880122950819673 0.09964139344262295 0.05737704918032787 0.04565829918032787
0 0.703125 0.13217213114754098 0.04565829918032787 0.05744108606557377
0 0.6723872950819673 0.13447745901639344 0.05737704918032787 0.05078125
0 0.5555840163934426 0.15496926229508196 0.050204918032786885 0.05078125
0 0.5251024590163934 0.1447233606557377 0.03598872950819672 0.07639600409836066
0 0.4405737704918033 0.09964139344262295 0.05423924180327869 0.05385502049180328
0 0.47156762295081966 0.13498975409836064 0.03739754098360656 0.06717469262295082
0 0.49103483606557374 0.16086065573770492 0.04047131147540984 0.0737064549180328
0 0.5097336065573771 0.11270491803278689 0.042008196721311473 0.0430968237704918
0 0.04021516393442623 0.19620901639344263 0.030737704918032786 0.05628842213114754
0 0.5981045081967213 0.29405737704918034 0.052766393442622954 0.05628842213114754
0 0.6493340163934426 0.2958504098360656 0.050204918032786885 0.0660220286885246
0 0.6447233606557377 0.35040983606557374 0.06557377049180328 0.05334272540983607
0 0.6285860655737705 0.3862704918032787 0.05430327868852459 0.03797387295081967
0 0.532530737704918 0.3327356557377049 0.045081967213114756 0.05782530737704918
0 0.17008196721311475 0.09784836065573771 0.055199795081967214 0.045146004098360656
0 0.13370901639344263 0.7333504098360656 0.041047643442622954 0.05180584016393443
0 0.13780737704918034 0.6777663934426229 0.05231813524590164 0.04194415983606557
0 0.15343237704918034 0.6452356557377049 0.04450563524590164 0.07127305327868852
0 0.18417008196721313 0.7994364754098361 0.0352843237704918 0.06909579918032786
0 0.2346311475409836 0.7858606557377049 0.060386782786885244 0.05423924180327869
0 0.25973360655737704 0.7215676229508197 0.050268954918032786 0.030225409836065573
0 0.4021516393442623 0.3947233606557377 0.041047643442622954 0.09631147540983606
0 0.36910860655737704 0.37986680327868855 0.03944672131147541 0.08869108606557377
0 0.12628073770491804 0.4961577868852459 0.05385502049180328 0.04258452868852459
0 0.22156762295081966 0.6129610655737705 0.045081967213114756 0.07537141393442623
0 0.20594262295081966 0.5594262295081968 0.06365266393442623 0.04809170081967213
0 0.2938012295081967 0.5724897540983607 0.03951075819672131 0.08856301229508197
0 0.2300204918032787 0.5117827868852459 0.036949282786885244 0.10745389344262295
0 0.15906762295081966 0.15804303278688525 0.031762295081967214 0.051677766393442626
0 0.12704918032786885 0.14293032786885246 0.0349001024590164 0.03797387295081967
0 0.1011782786885246 0.12167008196721311 0.0352843237704918 0.048732069672131145
0 0.1255122950819672 0.18237704918032788 0.03387551229508197 0.06448514344262295
0 0.1442110655737705 0.234375 0.050204918032786885 0.05078125
0 0.1011782786885246 0.17674180327868852 0.028240266393442622 0.05219006147540984
0 0.07530737704918032 0.14600409836065573 0.03374743852459016 0.04924436475409836
0 0.07479508196721311 0.1864754098360656 0.04194415983606557 0.035796618852459015
0 0.09170081967213115 0.22694672131147542 0.03278688524590164 0.05334272540983607
0 0.06941598360655737 0.28201844262295084 0.03944672131147541 0.06807120901639344
0 0.06121926229508197 0.2661372950819672 0.03637295081967213 0.05078125
0 0.10297131147540983 0.3573258196721312 0.045978483606557374 0.06410092213114754
0 0.14754098360655737 0.3573258196721312 0.0470030737704918 0.048732069672131145
0 0.1910860655737705 0.27049180327868855 0.0430968237704918 0.060514856557377046
0 0.2671618852459016 0.2190061475409836 0.038358094262295084 0.06922387295081968
0 0.3296618852459016 0.2192622950819672 0.04143186475409836 0.06768698770491803
0 0.2943135245901639 0.20619877049180327 0.037333504098360656 0.06499743852459017
0 0.32223360655737704 0.2635758196721312 0.045017930327868855 0.05692879098360656
0 0.3473360655737705 0.2886782786885246 0.05545594262295082 0.07012038934426229
0 0.2026127049180328 0.3563012295081967 0.04450563524590164 0.07229764344262295
0 0.23719262295081966 0.29713114754098363 0.0349001024590164 0.08497694672131148
0 0.2848360655737705 0.34503073770491804 0.05231813524590164 0.07024846311475409
0 0.2761270491803279 0.2776639344262295 0.050268954918032786 0.0349001024590164
0 0.32991803278688525 0.7082479508196722 0.07364241803278689 0.0588498975409836
0 0.3516905737704918 0.6708504098360656 0.0389344262295082 0.08139088114754098
0 0.38934426229508196 0.6495901639344263 0.040855532786885244 0.08817879098360656
0 0.4449282786885246 0.670594262295082 0.06512551229508197 0.04809170081967213
0 0.4613217213114754 0.7028688524590164 0.05180584016393443 0.05116547131147541
0 0.47848360655737704 0.7476946721311475 0.056416495901639344 0.048732069672131145
0 0.45901639344262296 0.7861168032786885 0.06365266393442623 0.04655481557377049
0 0.42315573770491804 0.8109631147540983 0.041047643442622954 0.03784579918032787
0 0.45235655737704916 0.8393954918032787 0.046234631147540985 0.07524334016393443
0 0.3598872950819672 0.8025102459016393 0.02920081967213115 0.06294825819672131
0 0.33452868852459017 0.7758709016393442 0.045978483606557374 0.0354123975409836