0 0.7143954918032787 0.804047131147541 0.04969262295081967 0.05577612704918033
0 0.8514344262295082 0.7817622950819673 0.03387551229508197 0.06550973360655737
0 0.804047131147541 0.7932889344262295 0.04655481557377049 0.056800717213114756
0 0.936219262295082 0.8844774590163934 0.04155993852459016 0.06000256147540984
0 0.7771516393442623 0.9464651639344263 0.0349001024590164 0.05987448770491803
0 0.8770491803278688 0.953125 0.030737704918032786 0.05577612704918033
0 0.9175204918032787 0.9705430327868853 0.03278688524590164 0.05385502049180328
0 0.8465676229508197 0.9887295081967213 0.0354123975409836 0.02151639344262295
0 0.8839651639344263 0.9900102459016393 0.02920081967213115 0.018954918032786885
0 0.9310963114754098 0.08376024590163934 0.0352843237704918 0.0547515368852459
0 0.8701331967213115 0.06685450819672131 0.03739754098360656 0.04962858606557377
0 0.8273565573770492 0.07300204918032786 0.031826331967213115 0.07012038934426229
0 0.7374487704918032 0.14369877049180327 0.042008196721311473 0.06000256147540984
0 0.6757172131147541 0.1567622950819672 0.056416495901639344 0.04399334016393443
0 0.6944159836065574 0.021260245901639344 0.03944672131147541 0.04252049180327869
0 0.6734118852459017 0.04994877049180328 0.04258452868852459 0.05577612704918033
0 0.5975922131147541 0.03765368852459016 0.04463370901639344 0.053726946721311473
0 0.5276639344262295 0.08119877049180328 0.04296875 0.056800717213114756
0 0.5691598360655737 0.08913934426229508 0.04213627049180328 0.06858350409836066
0 0.6045081967213115 0.12986680327868852 0.0471311475409836 0.06102715163934426
0 0.8865266393442623 0.03867827868852459 0.030737704918032786 0.048603995901639344
0 0.8181352459016393 0.6383196721311475 0.041047643442622954 0.07485911885245902
0 0.9036885245901639 0.8427254098360656 0.04911629098360656 0.03989497950819672
0 0.920594262295082 0.8007172131147541 0.04412141393442623 0.05321465163934426
0 0.9882172131147541 0.8565573770491803 0.02260502049180328 0.051293545081967214
0 0.9477459016393442 0.6168032786885246 0.03086577868852459 0.06973616803278689
0 0.7909836065573771 0.1098872950819672 0.04405737704918033 0.04463370901639344
0 0.6232069672131147 0.37679303278688525 0.0548796106557377 0.05180584016393443
0 0.7364241803278688 0.37218237704918034 0.060450819672131145 0.05385502049180328
0 0.8319672131147541 0.8230020491803278 0.04412141393442623 0.04655481557377049
0 0.8601434426229508 0.3890881147540984 0.04815573770491803 0.07332223360655737
0 0.8414446721311475 0.29815573770491804 0.04463370901639344 0.04911629098360656
0 0.8785860655737705 0.19774590163934427 0.031762295081967214 0.07268186475409837
0 0.8393954918032787 0.1675204918032787 0.03278688524590164 0.05423924180327869
0 0.9643954918032787 0.24871926229508196 0.0352843237704918 0.057953381147540985
0 0.9252049180327869 0.22131147540983606 0.04521004098360656 0.046170594262295084
0 0.9182889344262295 0.13780737704918034 0.0389344262295082 0.04821977459016393
0 0.8934426229508197 0.15932377049180327 0.03483606557377049 0.045017930327868855
0 0.8755122950819673 0.10527663934426229 0.03797387295081967 0.04463370901639344
0 0.7320696721311475 0.2786885245901639 0.046234631147540985 0.059490266393442626
0 0.5389344262295082 0.1880122950819672 0.04809170081967213 0.06448514344262295
0 0.5845286885245902 0.20645491803278687 0.045017930327868855 0.07165727459016394
0 0.6103995901639344 0.1885245901639344 0.05385502049180328 0.0665343237704918
0 0.25563524590163933 0.3327356557377049 0.0389344262295082 0.08651383196721311
0 0.1019467213114754 0.38140368852459017 0.040983606557377046 0.08766649590163934
0 0.36219262295081966 0.34656762295081966 0.04008709016393443 0.07742059426229508
0 0.33709016393442626 0.3165983606557377 0.06358862704918032 0.05731301229508197
0 0.6685450819672131 0.18417008196721313 0.05827356557377049 0.043481045081967214
0 0.6885245901639344 0.21618852459016394 0.041047643442622954 0.0737064549180328
0 0.9848872950819673 0.22873975409836064 0.027663934426229508 0.05897797131147541
0 0.6703381147540983 0.5519979508196722 0.04258452868852459 0.06909579918032786
0 0.6644467213114754 0.46285860655737704 0.05219006147540984 0.05987448770491803
0 0.6342213114754098 0.3125 0.040983606557377046 0.05628842213114754
0 0.5658299180327869 0.3422131147540984 0.052766393442622954 0.06960809426229508
0 0.8534836065573771 0.649077868852459 0.0429047131147541 0.06358862704918032
0 0.8714139344262295 0.6644467213114754 0.04213627049180328 0.05423924180327869
0 0.8816598360655737 0.7056864754098361 0.046170594262295084 0.0352843237704918
0 0.9346823770491803 0.6895491803278688 0.04143186475409836 0.04399334016393443
0 0.953125 0.30917008196721313 0.02971311475409836 0.05987448770491803
0 0.9275102459016393 0.3086577868852459 0.025166495901639344 0.052702356557377046
0 0.9052254098360656 0.2978995901639344 0.031826331967213115 0.0660220286885246
0 0.8993340163934426 0.33709016393442626 0.02920081967213115 0.0470671106557377
0 0.9728483606557377 0.19492827868852458 0.03989497950819672 0.04143186475409836
0 0.9659323770491803 0.16342213114754098 0.03233862704918033 0.0388703893442623
0 0.6547131147540983 0.09042008196721311 0.029777151639344263 0.07934170081967214
0 0.6216700819672131 0.09682377049180328 0.04047131147540984 0.06871157786885246
0 0.5630122950819673 0.14523565573770492 0.043929303278688527 0.08049436475409837
0 0.4415983606557377 0.21004098360655737 0.0470030737704918 0.07063268442622951
0 0.4561987704918033 0.1759733606557377 0.04815573770491803 0.06089907786885246
0 0.4410860655737705 0.13063524590163936 0.045017930327868855 0.05436731557377049
0 0.40496926229508196 0.00819672131147541 0.03951075819672131 0.01639344262295082
0 0.2822745901639344 0.018442622950819672 0.04610655737704918 0.036885245901639344
0 0.2307889344262295 0.016137295081967214 0.03227459016393443 0.03227459016393443
0 0.11296106557377049 0.01485655737704918 0.03643698770491803 0.02971311475409836
0 0.07146516393442623 0.012807377049180328 0.03739754098360656 0.025614754098360656
0 0.09810450819672131 0.06096311475409836 0.0389344262295082 0.0388703893442623
0 0.0584016393442623 0.08171106557377049 0.050268954918032786 0.047579405737704916
0 0.16598360655737704 0.272797131147541 0.03790983606557377 0.06410092213114754
0 0.12832991803278687 0.27510245901639346 0.03278688524590164 0.060514856557377046
0 0.37781762295081966 0.5420081967213115 0.04770747950819672 0.0665343237704918
0 0.03253073770491803 0.6004098360655737 0.0352843237704918 0.07280993852459017
0 0.5832479508196722 0.6431864754098361 0.03944672131147541 0.05590420081967213
0 0.5630122950819673 0.7008196721311475 0.05942622950819672 0.0624359631147541
0 0.6127049180327869 0.8237704918032787 0.04809170081967213 0.06755891393442623
0 0.670594262295082 0.6857069672131147 0.05231813524590164 0.061923668032786885
0 0.694672131147541 0.9813012295081968 0.04911629098360656 0.03643698770491803
0 0.5363729508196722 0.7277151639344263 0.06141137295081967 0.03643698770491803
0 0.9728483606557377 0.6285860655737705 0.02663934426229508 0.07895747950819672
0 0.9887295081967213 0.6285860655737705 0.02151639344262295 0.0666623975409836
0 0.9561987704918032 0.7543545081967213 0.018954918032786885 0.06000256147540984
0 0.9369877049180327 0.7561475409836066 0.02459016393442623 0.059490266393442626
0 0.15753073770491804 0.08760245901639344 0.037333504098360656 0.04809170081967213
0 0.13165983606557377 0.10425204918032786 0.03387551229508197 0.04155993852459016
0 0.15829918032786885 0.14216188524590165 0.03368340163934426 0.06512551229508197
0 0.06915983606557377 0.12423155737704918 0.035860655737704916 0.03746157786885246
0 0.055584016393442626 0.6667520491803278 0.050204918032786885 0.04655481557377049
0 0.09964139344262295 0.24385245901639344 0.02612704918032787 0.06563780737704918
0 0.04405737704918033 0.7684426229508197 0.035796618852459015 0.0666623975409836
0 0.009221311475409836 0.7530737704918032 0.018442622950819672 0.061539446721311473
0 0.09375 0.8721823770491803 0.03598872950819672 0.05897797131147541
0 0.22182377049180327 0.8796106557377049 0.0388703893442623 0.07895747950819672
0 0.02023565573770492 0.9295594262295082 0.0352843237704918 0.051677766393442626
0 0.01767418032786885 0.9795081967213115 0.030289446721311477 0.040023053278688527
0 0.08247950819672131 0.9738729508196722 0.036949282786885244 0.051293545081967214
0 0.09298155737704918 0.7751024590163934 0.037333504098360656 0.050268954918032786
0 0.17469262295081966 0.7938012295081968 0.05327868852459016 0.047579405737704916
0 0.15420081967213115 0.22643442622950818 0.0349001024590164 0.061539446721311473
0 0.1257684426229508 0.2184938524590164 0.030161372950819672 0.06397284836065574
0 0.1293545081967213 0.18288934426229508 0.04252049180327869 0.04809170081967213
0 0.09067622950819672 0.1867315573770492 0.03983094262295082 0.06704661885245902
0 0.328125 0.8560450819672131 0.05891393442622951 0.045146004098360656
0 0.018954918032786885 0.15061475409836064 0.03790983606557377 0.040023053278688527
0 0.01767418032786885 0.18468237704918034 0.0352843237704918 0.051677766393442626
0 0.03560450819672131 0.24308401639344263 0.04040727459016393 0.0466828893442623
0 0.004610655737704918 0.2832991803278688 0.009221311475409836 0.03682120901639344
0 0.004354508196721311 0.2489754098360656 0.008644979508196721 0.0349001024590164
0 0.06608606557377049 0.1567622950819672 0.03163422131147541 0.03374743852459016
0 0.05737704918032787 0.18493852459016394 0.0389344262295082 0.04194415983606557
0 0.034579918032786885 0.21157786885245902 0.030289446721311477 0.05116547131147541
0 0.22079918032786885 0.6065573770491803 0.046234631147540985 0.0738345286885246
0 0.1677766393442623 0.6385758196721312 0.04559426229508197 0.07332223360655737
0 0.13012295081967212 0.6347336065573771 0.04405737704918033 0.04412141393442623
0 0.2333504098360656 0.670594262295082 0.0471311475409836 0.05936219262295082
0 0.25486680327868855 0.6470286885245902 0.033363217213114756 0.0738345286885246
0 0.2612704918032787 0.7087602459016393 0.055263831967213115 0.042456454918032786
0 0.25128073770491804 0.7517930327868853 0.04655481557377049 0.05180584016393443
0 0.38396516393442626 0.8545081967213115 0.04565829918032787 0.07998206967213115
0 0.3422131147540984 0.7938012295081968 0.049052254098360656 0.0547515368852459
0 0.3896004098360656 0.8263319672131147 0.0354123975409836 0.06346055327868852
0 0.43417008196721313 0.8153176229508197 0.04143186475409836 0.08139088114754098
0 0.3311987704918033 0.7446209016393442 0.05430327868852459 0.048732069672131145
0 0.33094262295081966 0.7005635245901639 0.08203125 0.0506531762295082
0 0.4295594262295082 0.6521516393442623 0.042008196721311473 0.08305584016393443
0 0.40035860655737704 0.6367827868852459 0.038358094262295084 0.09746413934426229
0 0.36577868852459017 0.6296106557377049 0.03790983606557377 0.0666623975409836
0 0.460297131147541 0.6900614754098361 0.0548155737704918 0.08497694672131148
0 0.4641393442622951 0.717469262295082 0.06134733606557377 0.0547515368852459
0 0.4731045081967213 0.7794569672131147 0.05692879098360656 0.033363217213114756