0 0.3831967213114754 0.4561987704918033 0.08145491803278689 0.0586577868852459
0 0.4103483606557377 0.6511270491803278 0.056608606557377046 0.047387295081967214
0 0.3637295081967213 0.6539446721311475 0.04559426229508197 0.07556352459016394
0 0.4567110655737705 0.6798155737704918 0.06403688524590163 0.06429303278688525
0 0.5146004098360656 0.7113217213114754 0.03867827868852459 0.06378073770491803
0 0.34298155737704916 0.6780225409836066 0.06096311475409836 0.0627561475409836
0 0.32735655737704916 0.7207991803278688 0.06839139344262295 0.04021516393442623
0 0.4707991803278688 0.788422131147541 0.0427766393442623 0.04994877049180328
0 0.33709016393442626 0.7730532786885246 0.04431352459016393 0.030737704918032786
0 0.3511782786885246 0.3245389344262295 0.056608606557377046 0.037141393442622954
0 0.5345799180327869 0.616547131147541 0.0427766393442623 0.08888319672131148
0 0.4198258196721312 0.8178790983606558 0.030737704918032786 0.08119877049180328
0 0.3793545081967213 0.8173668032786885 0.050204918032786885 0.04431352459016393
0 0.34861680327868855 0.8068647540983607 0.03739754098360656 0.03765368852459016
0 0.28355532786885246 0.8022540983606558 0.04559426229508197 0.06121926229508197
0 0.24103483606557377 0.7866290983606558 0.050204918032786885 0.07505122950819672
0 0.20952868852459017 0.798155737704918 0.04021516393442623 0.0622438524590164
0 0.16675204918032788 0.7856045081967213 0.027663934426229508 0.07300204918032786
0 0.14190573770491804 0.7681864754098361 0.03125 0.05507172131147541
0 0.25614754098360654 0.7110655737704918 0.03867827868852459 0.0509733606557377
0 0.24795081967213115 0.6739241803278688 0.051741803278688527 0.05046106557377049
0 0.13396516393442623 0.6823770491803278 0.05327868852459016 0.044825819672131145
0 0.2036372950819672 0.6439549180327869 0.04431352459016393 0.06173155737704918
0 0.16982581967213115 0.6349897540983607 0.03560450819672131 0.05609631147540984
0 0.2346311475409836 0.5855532786885246 0.04559426229508197 0.08171106557377049
0 0.14267418032786885 0.5663422131147541 0.044825819672131145 0.06890368852459017
0 0.5619877049180327 0.7794569672131147 0.06787909836065574 0.034579918032786885
0 0.13550204918032788 0.8586065573770492 0.04328893442622951 0.06378073770491803
0 0.13780737704918034 0.35348360655737704 0.052510245901639344 0.04841188524590164
0 0.1565061475409836 0.38473360655737704 0.05968237704918033 0.04841188524590164
0 0.08529713114754098 0.5327868852459017 0.0471311475409836 0.07453893442622951
0 0.006915983606557377 0.5776127049180327 0.013831967213114754 0.043545081967213115
0 0.04252049180327869 0.6091188524590164 0.03125 0.06173155737704918
0 0.06121926229508197 0.6626536885245902 0.04559426229508197 0.041239754098360656
0 0.07684426229508197 0.9008709016393442 0.040983606557377046 0.06121926229508197
0 0.02305327868852459 0.9188012295081968 0.02817622950819672 0.060706967213114756
0 0.02382172131147541 0.9661885245901639 0.03637295081967213 0.05302254098360656
0 0.033299180327868855 0.7715163934426229 0.028944672131147542 0.0699282786885246
0 0.012295081967213115 0.7594774590163934 0.02459016393442623 0.06326844262295082
0 0.07377049180327869 0.7482069672131147 0.04328893442622951 0.039702868852459015
0 0.5489241803278688 0.9162397540983607 0.04047131147540984 0.09579918032786885
0 0.6652151639344263 0.7950819672131147 0.052766393442622954 0.05814549180327869
0 0.7123463114754098 0.8109631147540983 0.048924180327868855 0.05199795081967213
0 0.5858094262295082 0.6670081967213115 0.052766393442622954 0.05814549180327869
0 0.6956967213114754 0.6244877049180327 0.05327868852459016 0.04943647540983607
0 0.6785348360655737 0.6823770491803278 0.037141393442622954 0.08273565573770492
0 0.6160348360655737 0.641905737704918 0.039702868852459015 0.08837090163934426
0 0.7346311475409836 0.6677766393442623 0.037141393442622954 0.0699282786885246
0 0.7710040983606558 0.6990266393442623 0.05584016393442623 0.042264344262295084
0 0.7861168032786885 0.6641905737704918 0.045081967213114756 0.05046106557377049
0 0.7589651639344263 0.5737704918032787 0.05430327868852459 0.054047131147540985
0 0.7733094262295082 0.7453893442622951 0.047387295081967214 0.042264344262295084
0 0.5832479508196722 0.4364754098360656 0.04405737704918033 0.08273565573770492
0 0.6239754098360656 0.4380122950819672 0.0427766393442623 0.07351434426229508
0 0.8306864754098361 0.7917520491803278 0.04328893442622951 0.07197745901639344
0 0.8660348360655737 0.8004610655737705 0.04559426229508197 0.0586577868852459
0 0.8747438524590164 0.7479508196721312 0.04431352459016393 0.025614754098360656
0 0.8206967213114754 0.6157786885245902 0.03125 0.07505122950819672
0 0.8460553278688525 0.6378073770491803 0.030737704918032786 0.05353483606557377
0 0.8798668032786885 0.6572745901639344 0.0350922131147541 0.06941598360655737
0 0.8588627049180327 0.9871926229508197 0.026895491803278687 0.02459016393442623
0 0.8744877049180327 0.9572233606557377 0.02920081967213115 0.047387295081967214
0 0.9162397540983607 0.9782274590163934 0.03406762295081967 0.0427766393442623
0 0.9751536885245902 0.9098360655737705 0.0235655737704918 0.03765368852459016
0 0.8842213114754098 0.8773053278688525 0.04789959016393443 0.046875
0 0.9738729508196722 0.8586065573770492 0.03944672131147541 0.037141393442622954
0 0.9116290983606558 0.8066086065573771 0.044825819672131145 0.04841188524590164
0 0.9029200819672131 0.6047643442622951 0.03278688524590164 0.06326844262295082
0 0.9723360655737705 0.6288422131147541 0.02817622950819672 0.07351434426229508
0 0.9403176229508197 0.6526639344262295 0.04047131147540984 0.0545594262295082
0 0.9341700819672131 0.6913422131147541 0.043545081967213115 0.04533811475409836
0 0.9034323770491803 0.7451331967213115 0.02971311475409836 0.06839139344262295
0 0.9354508196721312 0.7492315573770492 0.03253073770491803 0.04994877049180328
0 0.9792520491803278 0.7610143442622951 0.03662909836065574 0.0622438524590164
0 0.9492827868852459 0.7704918032786885 0.02971311475409836 0.0699282786885246
0 0.9497950819672131 0.8191598360655737 0.02535860655737705 0.04789959016393443
0 0.9651639344262295 0.7938012295081968 0.01767418032786885 0.04328893442622951
0 0.8947233606557377 0.45927254098360654 0.04252049180327869 0.06173155737704918
0 0.6234631147540983 0.37679303278688525 0.0548155737704918 0.04994877049180328
0 0.6667520491803278 0.34195696721311475 0.03739754098360656 0.056608606557377046
0 0.9684938524590164 0.38063524590163933 0.0389344262295082 0.047387295081967214
0 0.6816086065573771 0.2827868852459016 0.06121926229508197 0.04175204918032787
0 0.6088627049180327 0.2671618852459016 0.04175204918032787 0.059170081967213115
0 0.5581454918032787 0.29559426229508196 0.04405737704918033 0.07658811475409837
0 0.5499487704918032 0.24718237704918034 0.05430327868852459 0.044825819672131145
0 0.5840163934426229 0.20594262295081966 0.040983606557377046 0.07248975409836066
0 0.5409836065573771 0.19415983606557377 0.0350922131147541 0.06839139344262295
0 0.5458504098360656 0.15138319672131148 0.05942622950819672 0.04994877049180328
0 0.5064036885245902 0.18186475409836064 0.0427766393442623 0.06941598360655737
0 0.3519467213114754 0.27202868852459017 0.057889344262295084 0.04431352459016393
0 0.24410860655737704 0.30020491803278687 0.0701844262295082 0.05302254098360656
0 0.2989241803278688 0.25589139344262296 0.03867827868852459 0.0776127049180328
0 0.3360655737704918 0.23283811475409835 0.044825819672131145 0.05814549180327869
0 0.44723360655737704 0.18878073770491804 0.03944672131147541 0.06582991803278689
0 0.4769467213114754 0.20081967213114754 0.03483606557377049 0.08888319672131148
0 0.6580430327868853 0.19851434426229508 0.0350922131147541 0.07197745901639344
0 0.6905737704918032 0.21362704918032788 0.04175204918032787 0.07556352459016394
0 0.7210553278688525 0.22720286885245902 0.02920081967213115 0.07248975409836066
0 0.7635758196721312 0.24667008196721313 0.05327868852459016 0.05199795081967213
0 0.8076331967213115 0.2697233606557377 0.048924180327868855 0.04585040983606557
0 0.7940573770491803 0.2182377049180328 0.04431352459016393 0.05712090163934426
0 0.8286372950819673 0.22387295081967212 0.03253073770491803 0.055584016393442626
0 0.6557377049180327 0.13217213114754098 0.03125 0.0627561475409836
0 0.6895491803278688 0.13447745901639344 0.04047131147540984 0.05199795081967213
0 0.6255122950819673 0.11424180327868852 0.03406762295081967 0.078125
0 0.5957991803278688 0.035860655737704916 0.03662909836065574 0.0622438524590164
0 0.6877561475409836 0.05635245901639344 0.0427766393442623 0.06019467213114754
0 0.7243852459016393 0.08888319672131148 0.035860655737704916 0.07095286885245902
0 0.6972336065573771 0.02228483606557377 0.05199795081967213 0.0427766393442623
0 0.7341188524590164 0.055584016393442626 0.044825819672131145 0.0545594262295082
0 0.7843237704918032 0.08785860655737705 0.03483606557377049 0.06787909836065574
0 0.5222848360655737 0.09451844262295082 0.038165983606557374 0.05712090163934426
0 0.5560963114754098 0.1011782786885246 0.0350922131147541 0.06429303278688525
0 0.4879610655737705 0.0860655737704918 0.03790983606557377 0.06326844262295082
0 0.5053790983606558 0.052766393442622954 0.04943647540983607 0.05302254098360656
0 0.4198258196721312 0.008452868852459017 0.044825819672131145 0.016905737704918034
0 0.23258196721311475 0.0509733606557377 0.03637295081967213 0.051485655737704916
0 0.2827868852459016 0.018954918032786885 0.040983606557377046 0.03790983606557377
0 0.19262295081967212 0.16470286885245902 0.038165983606557374 0.06173155737704918
0 0.8939549180327869 0.017930327868852458 0.028688524590163935 0.035860655737704916
0 0.9723360655737705 0.0507172131147541 0.022028688524590164 0.03560450819672131
0 0.9485143442622951 0.010502049180327868 0.020491803278688523 0.021004098360655737
0 0.8896004098360656 0.061987704918032786 0.040983606557377046 0.05199795081967213
0 0.8696209016393442 0.06813524590163934 0.033299180327868855 0.06121926229508197
0 0.8514344262295082 0.09503073770491803 0.03406762295081967 0.06839139344262295
0 0.9236680327868853 0.10809426229508197 0.026895491803278687 0.057633196721311473
0 0.0934938524590164 0.29072745901639346 0.0427766393442623 0.047387295081967214
0 0.04533811475409836 0.29456967213114754 0.04047131147540984 0.05302254098360656
0 0.07453893442622951 0.2574282786885246 0.04021516393442623 0.06121926229508197
0 0.10348360655737705 0.20645491803278687 0.04789959016393443 0.05507172131147541
0 0.14728483606557377 0.2300204918032787 0.04328893442622951 0.047387295081967214
0 0.14856557377049182 0.27996926229508196 0.0471311475409836 0.05507172131147541
0 0.16880122950819673 0.2853483606557377 0.056608606557377046 0.0427766393442623
0 0.13857581967213115 0.0548155737704918 0.0350922131147541 0.05609631147540984
0 0.16649590163934427 0.06429303278688525 0.04431352459016393 0.04328893442622951
0 0.11962090163934426 0.10553278688524591 0.04943647540983607 0.04328893442622951
0 0.9316086065573771 0.2802254098360656 0.026895491803278687 0.0586577868852459
0 0.08939549180327869 0.16547131147540983 0.03432377049180328 0.04789959016393443
0 0.09682377049180328 0.11116803278688525 0.026895491803278687 0.06480532786885246
0 0.1011782786885246 0.06582991803278689 0.02920081967213115 0.04021516393442623
0 0.04610655737704918 0.17776639344262296 0.02817622950819672 0.05199795081967213
0 0.09912909836065574 0.024077868852459015 0.043545081967213115 0.04815573770491803
0 0.07991803278688525 0.00665983606557377 0.026895491803278687 0.01331967213114754
0 0.05122950819672131 0.10527663934426229 0.024334016393442622 0.0427766393442623
0 0.06915983606557377 0.11219262295081968 0.03406762295081967 0.0545594262295082
0 0.02023565573770492 0.0353483606557377 0.025102459016393443 0.03560450819672131
0 0.004610655737704918 0.04380122950819672 0.009221311475409836 0.03201844262295082
0 0.00973360655737705 0.1875 0.019211065573770492 0.039702868852459015
0 0.026895491803278687 0.14216188524590165 0.03355532786885246 0.04994877049180328
0 0.04021516393442623 0.14907786885245902 0.0389344262295082 0.04431352459016393
0 0.0630122950819672 0.15753073770491804 0.027663934426229508 0.0350922131147541
0 0.9431352459016393 0.3235143442622951 0.041239754098360656 0.033043032786885244
0 0.9718237704918032 0.31173155737704916 0.02920081967213115 0.06378073770491803
0 0.9933401639344263 0.3084016393442623 0.012807377049180328 0.04789959016393443
0 0.9746413934426229 0.27177254098360654 0.021260245901639344 0.048924180327868855
0 0.9861680327868853 0.24871926229508196 0.026895491803278687 0.05302254098360656
0 0.9892418032786885 0.21695696721311475 0.02074795081967213 0.042264344262295084
0 0.9554303278688525 0.1875 0.035860655737704916 0.05814549180327869
0 0.9262295081967213 0.2197745901639344 0.046362704918032786 0.042264344262295084
0 0.8855020491803278 0.18545081967213115 0.0427766393442623 0.0509733606557377
0 0.9211065573770492 0.1882684426229508 0.04047131147540984 0.042264344262295084
0 0.9067622950819673 0.11885245901639344 0.03432377049180328 0.02971311475409836
0 0.9011270491803278 0.15163934426229508 0.03278688524590164 0.036116803278688527
0 0.9262295081967213 0.14805327868852458 0.02971311475409836 0.04943647540983607
0 0.8921618852459017 0.3099385245901639 0.03355532786885246 0.04072745901639344
0 0.8942110655737705 0.34605532786885246 0.04431352459016393 0.018954918032786885