0 0.6939036885245902 0.35399590163934425 0.0487000512295082 0.07380251024590163
0 0.6226946721311475 0.3760245901639344 0.05580814549180328 0.05023693647540984
0 0.5353483606557377 0.35015368852459017 0.040023053278688527 0.07431480532786885
0 0.7853483606557377 0.42674180327868855 0.05430327868852459 0.05632044057377049
0 0.8199282786885246 0.3568135245901639 0.04351306352459016 0.0527984118852459
0 0.8875512295081968 0.36962090163934425 0.03947873975409836 0.04357710040983607
0 0.9597848360655737 0.39344262295081966 0.03845414959016393 0.061507428278688527
0 0.9887295081967213 0.390625 0.022476946721311477 0.051773821721311473
0 0.4964139344262295 0.2620389344262295 0.04613857581967213 0.06201972336065574
0 0.43673155737704916 0.350922131147541 0.04767546106557377 0.07790087090163934
0 0.39959016393442626 0.3009733606557377 0.05737704918032787 0.06502945696721311
0 0.3291495901639344 0.2300204918032787 0.041527920081967214 0.0799500512295082
0 0.2792008196721312 0.2938012295081967 0.04815573770491803 0.054783555327868855
0 0.9018954918032787 0.5204918032786885 0.0333311987704918 0.08097464139344263
0 0.586577868852459 0.5601946721311475 0.07684426229508197 0.0486360143442623
0 0.47771516393442626 0.5197233606557377 0.08859503073770492 0.07329021516393443
0 0.16495901639344263 0.3457991803278688 0.0563844774590164 0.05126152663934426
0 0.4103483606557377 0.18212090163934427 0.050140881147540985 0.06093109631147541
0 0.296875 0.10425204918032786 0.06099513319672131 0.040503329918032786
0 0.529969262295082 0.20005122950819673 0.04453765368852459 0.0681032274590164
0 0.8122438524590164 0.6360143442622951 0.04453765368852459 0.08251152663934426
0 0.8560450819672131 0.6401127049180327 0.03592469262295082 0.07943775614754098
0 0.8770491803278688 0.680327868852459 0.0430968237704918 0.044025358606557374
0 0.7766393442622951 0.6951844262295082 0.050204918032786885 0.053246670081967214
0 0.9136782786885246 0.6664959016393442 0.0291688012295082 0.07476306352459017
0 0.9418545081967213 0.6798155737704918 0.02971311475409836 0.0368532274590164
0 0.953125 0.6462602459016393 0.02663934426229508 0.0640689036885246
0 0.9836065573770492 0.626280737704918 0.028720543032786885 0.06611808401639344
0 0.9910348360655737 0.6352459016393442 0.016905737704918034 0.053310706967213115
0 0.6933913934426229 0.6967213114754098 0.050685194672131145 0.048123719262295084
0 0.6470286885245902 0.6403688524590164 0.03582863729508197 0.10047387295081968
0 0.6142418032786885 0.639344262295082 0.033843493852459015 0.09432633196721311
0 0.5783811475409836 0.6618852459016393 0.05427126024590164 0.057345030737704916
0 0.5601946721311475 0.6944159836065574 0.0625 0.05170978483606557
0 0.5502049180327869 0.7325819672131147 0.050204918032786885 0.027663934426229508
0 0.47003073770491804 0.7241290983606558 0.07425076844262295 0.04357710040983607
0 0.45799180327868855 0.6849385245901639 0.06656634221311475 0.048123719262295084
0 0.19518442622950818 0.6193647540983607 0.040983606557377046 0.06765496926229508
0 0.24282786885245902 0.6752049180327869 0.06454918032786885 0.062467981557377046
0 0.2461577868852459 0.7364241803278688 0.057889344262295084 0.059970543032786885
0 0.2379610655737705 0.7781762295081968 0.05327868852459016 0.058433657786885244
0 0.21157786885245902 0.8019979508196722 0.03179431352459016 0.08244748975409837
0 0.1713627049180328 0.8081454918032787 0.042008196721311473 0.06912781762295082
0 0.328125 0.7246413934426229 0.06099513319672131 0.035380379098360656
0 0.3391393442622951 0.6923668032786885 0.050204918032786885 0.07015240778688525
0 0.36219262295081966 0.6531762295081968 0.050140881147540985 0.07892546106557377
0 0.4057377049180328 0.6375512295081968 0.038902407786885244 0.07021644467213115
0 0.4331454918032787 0.6503586065573771 0.040983606557377046 0.08865906762295082
0 0.14651639344262296 0.6529200819672131 0.050204918032786885 0.0527984118852459
0 0.33478483606557374 0.7830430327868853 0.04969262295081967 0.04658683401639344
0 0.3004610655737705 0.8355532786885246 0.04351306352459016 0.0686155225409836
0 0.1401127049180328 0.7630635245901639 0.033299180327868855 0.04460169057377049
0 0.11014344262295082 0.7722848360655737 0.030705686475409836 0.06509349385245902
0 0.37474385245901637 0.8250512295081968 0.035860655737704916 0.06195568647540984
0 0.4728483606557377 0.7784323770491803 0.05945824795081967 0.030225409836065573
0 0.43621926229508196 0.8127561475409836 0.0568327356557377 0.04453765368852459
0 0.3719262295081967 0.8752561475409836 0.07172131147540983 0.046650870901639344
0 0.3511782786885246 0.920594262295082 0.0548155737704918 0.04914830942622951
0 0.4405737704918033 0.9536372950819673 0.048123719262295084 0.06093109631147541
0 0.22387295081967212 0.8711577868852459 0.05737704918032787 0.0487000512295082
0 0.14805327868852458 0.960297131147541 0.05427126024590164 0.05785732581967213
0 0.06352459016393443 0.8849897540983607 0.058369620901639344 0.046650870901639344
0 0.052766393442622954 0.7653688524590164 0.0235655737704918 0.07585169057377049
0 0.021772540983606557 0.7646004098360656 0.0235655737704918 0.07124103483606557
0 0.030737704918032786 0.6150102459016393 0.03794185450819672 0.0487000512295082
0 0.047387295081967214 0.639344262295082 0.040983606557377046 0.038966444672131145
0 0.0622438524590164 0.6657274590163934 0.045626280737704916 0.03839011270491803
0 0.09477459016393443 0.6846823770491803 0.042008196721311473 0.02971311475409836
0 0.5760758196721312 0.8055840163934426 0.04761142418032787 0.08039830942622951
0 0.6875 0.7681864754098361 0.043064805327868855 0.025102459016393443
0 0.6995389344262295 0.7996926229508197 0.04559426229508197 0.05427126024590164
0 0.6623975409836066 0.8035348360655737 0.0471311475409836 0.05375896516393443
0 0.6168032786885246 0.8250512295081968 0.03275486680327869 0.0844966700819672
0 0.6242315573770492 0.8936987704918032 0.05382300204918033 0.06099513319672131
0 0.7784323770491803 0.7950819672131147 0.0373655225409836 0.06759093237704918
0 0.8329918032786885 0.7914959016393442 0.03275486680327869 0.057345030737704916
0 0.8647540983606558 0.7689549180327869 0.03179431352459016 0.04613857581967213
0 0.8972848360655737 0.7938012295081968 0.033299180327868855 0.05785732581967213
0 0.8944672131147541 0.8545081967213115 0.05529585040983607 0.0717533299180328
0 0.9390368852459017 0.8803790983606558 0.043064805327868855 0.045626280737704916
0 0.983094262295082 0.7597336065573771 0.028720543032786885 0.04921234631147541
0 0.9293032786885246 0.7400102459016393 0.029745133196721313 0.025102459016393443
0 0.9408299180327869 0.7630635245901639 0.036404969262295084 0.07431480532786885
0 0.9633709016393442 0.7686987704918032 0.02151639344262295 0.07738857581967214
0 0.9239241803278688 0.9369877049180327 0.03432377049180328 0.03787781762295082
0 0.9894979508196722 0.9538934426229508 0.019979508196721313 0.053246670081967214
0 0.9326331967213115 0.9823258196721312 0.035860655737704916 0.03435578893442623
0 0.9628586065573771 0.9859118852459017 0.03125 0.027151639344262294
0 0.27484631147540983 0.029456967213114756 0.04252049180327869 0.05891393442622951
0 0.40292008196721313 0.00742827868852459 0.04146388319672131 0.01485655737704918
0 0.44390368852459017 0.10655737704918032 0.06099513319672131 0.04716316598360656
0 0.5914446721311475 0.028944672131147542 0.038422131147540985 0.057889344262295084
0 0.4641393442622951 0.18570696721311475 0.06973616803278689 0.07732453893442623
0 0.5596823770491803 0.14626024590163936 0.04252049180327869 0.07431480532786885
0 0.5081967213114754 0.12781762295081966 0.045081967213114756 0.0568967725409836
0 0.5215163934426229 0.1016905737704918 0.041976178278688527 0.05894595286885246
0 0.561219262295082 0.09170081967213115 0.05888191598360656 0.041976178278688527
0 0.5443135245901639 0.05814549180327869 0.0471311475409836 0.04658683401639344
0 0.5776127049180327 0.05891393442622951 0.03125 0.05632044057377049
0 0.1567622950819672 0.2635758196721312 0.043000768442622954 0.05587218237704918
0 0.22592213114754098 0.274077868852459 0.033779456967213115 0.05433529713114754
0 0.1910860655737705 0.2738217213114754 0.03992699795081967 0.06099513319672131
0 0.2149077868852459 0.23130122950819673 0.03790983606557377 0.049724641393442626
0 0.10271516393442623 0.28790983606557374 0.04255251024590164 0.053246670081967214
0 0.07146516393442623 0.31275614754098363 0.02151639344262295 0.04658683401639344
0 0.012551229508196721 0.2999487704918033 0.025102459016393443 0.054783555327868855
0 0.109375 0.19287909836065573 0.045626280737704916 0.050685194672131145
0 0.04559426229508197 0.21593237704918034 0.043064805327868855 0.04453765368852459
0 0.05353483606557377 0.1713627049180328 0.03429175204918033 0.03429175204918033
0 0.08273565573770492 0.13550204918032788 0.02817622950819672 0.0568967725409836
0 0.03765368852459016 0.13934426229508196 0.043545081967213115 0.04408939549180328
0 0.028944672131147542 0.13217213114754098 0.03944672131147541 0.053310706967213115
0 0.012807377049180328 0.08888319672131148 0.025582735655737706 0.045562243852459015
0 0.8406762295081968 0.25128073770491804 0.057345030737704916 0.0568967725409836
0 0.7297643442622951 0.20901639344262296 0.052766393442622954 0.047099129098360656
0 0.7010758196721312 0.17648565573770492 0.035380379098360656 0.07527535860655737
0 0.6672643442622951 0.1713627049180328 0.03839011270491803 0.07220158811475409
0 0.7085040983606558 0.1442110655737705 0.04815573770491803 0.03845414959016393
0 0.6816086065573771 0.1091188524590164 0.05375896516393443 0.043064805327868855
0 0.8096823770491803 0.052766393442622954 0.0466188524590164 0.048123719262295084
0 0.9159836065573771 0.32274590163934425 0.0369172643442623 0.02260502049180328
0 0.9918032786885246 0.12295081967213115 0.015368852459016393 0.05228611680327869
0 0.8954918032786885 0.02305327868852459 0.03278688524590164 0.04610655737704918
0 0.8785860655737705 0.02459016393442623 0.03483606557377049 0.04918032786885246
0 0.9559426229508197 0.23591188524590165 0.025582735655737706 0.04767546106557377
0 0.9748975409836066 0.2625512295081967 0.03275486680327869 0.04767546106557377