0 0.6221823770491803 0.2610143442622951 0.040439293032786885 0.07431480532786885
0 0.5804303278688525 0.2702356557377049 0.040023053278688527 0.050749231557377046
0 0.5058913934426229 0.34246926229508196 0.06403688524590163 0.0486360143442623
0 0.6160348360655737 0.3619364754098361 0.050204918032786885 0.0487000512295082
0 0.6472848360655737 0.397797131147541 0.05584016393442623 0.07124103483606557
0 0.6723872950819673 0.47054303278688525 0.04351306352459016 0.07636398565573771
0 0.6962090163934426 0.3176229508196721 0.05231813524590164 0.057345030737704916
0 0.7776639344262295 0.31378073770491804 0.05321465163934426 0.052734375
0 0.7863729508196722 0.36065573770491804 0.05122950819672131 0.0645811987704918
0 0.795594262295082 0.38140368852459017 0.048123719262295084 0.09070824795081968
0 0.8409323770491803 0.3542520491803279 0.057889344262295084 0.046650870901639344
0 0.7653688524590164 0.44979508196721313 0.05327868852459016 0.05939421106557377
0 0.7807377049180327 0.4948770491803279 0.06970414959016394 0.04204021516393443
0 0.7786885245901639 0.5389344262295082 0.05737704918032787 0.048123719262295084
0 0.8911372950819673 0.35706967213114754 0.06195568647540984 0.038966444672131145
0 0.7256659836065574 0.18980532786885246 0.03845414959016393 0.06912781762295082
0 0.7902151639344263 0.6593237704918032 0.05122950819672131 0.053246670081967214
0 0.8227459016393442 0.6344774590163934 0.030705686475409836 0.0804623463114754
0 0.8465676229508197 0.639344262295082 0.027183657786885244 0.07790087090163934
0 0.8793545081967213 0.6524077868852459 0.045081967213114756 0.03947873975409836
0 0.16137295081967212 0.5271516393442623 0.050140881147540985 0.05228611680327869
0 0.1416495901639344 0.570952868852459 0.0548155737704918 0.045562243852459015
0 0.3624487704918033 0.35604508196721313 0.03739754098360656 0.07072873975409837
0 0.24231557377049182 0.3675717213114754 0.03790983606557377 0.06816726434426229
0 0.2551229508196721 0.3324795081967213 0.053310706967213115 0.044025358606557374
0 0.13063524590163936 0.4131659836065574 0.05122950819672131 0.052734375
0 0.08965163934426229 0.3755122950819672 0.050140881147540985 0.04921234631147541
0 0.08350409836065574 0.3201844262295082 0.045081967213114756 0.047099129098360656
0 0.02228483606557377 0.32889344262295084 0.040439293032786885 0.03787781762295082
0 0.02663934426229508 0.367827868852459 0.041976178278688527 0.04921234631147541
0 0.011526639344262296 0.45338114754098363 0.02305327868852459 0.05737704918032787
0 0.08222336065573771 0.4510758196721312 0.0471311475409836 0.050685194672131145
0 0.9162397540983607 0.3393954918032787 0.02920081967213115 0.06502945696721311
0 0.9054815573770492 0.39036885245901637 0.04252049180327869 0.05535988729508197
0 0.41854508196721313 0.5135758196721312 0.0666623975409836 0.059970543032786885
0 0.24385245901639344 0.24308401639344263 0.03999103483606557 0.06816726434426229
0 0.2348872950819672 0.27792008196721313 0.03790983606557377 0.04357710040983607
0 0.34375 0.2625512295081967 0.05327868852459016 0.05792136270491803
0 0.4682377049180328 0.21183401639344263 0.040919569672131145 0.0762999487704918
0 0.44825819672131145 0.16495901639344263 0.0604188012295082 0.048123719262295084
0 0.40957991803278687 0.19057377049180327 0.04047131147540984 0.07168929303278689
0 0.36962090163934425 0.16982581967213115 0.04460169057377049 0.06400486680327869
0 0.05635245901639344 0.7566598360655737 0.045146004098360656 0.048187756147540985
0 0.08017418032786885 0.6775102459016393 0.031762295081967214 0.06502945696721311
0 0.05122950819672131 0.633452868852459 0.04914830942622951 0.051773821721311473
0 0.03355532786885246 0.6232069672131147 0.035380379098360656 0.06509349385245902
0 0.00742827868852459 0.6290983606557377 0.014824538934426229 0.058433657786885244
0 0.015368852459016393 0.9182889344262295 0.030737704918032786 0.03839011270491803
0 0.010758196721311475 0.9582479508196722 0.02151639344262295 0.03839011270491803
0 0.1290983606557377 0.7013319672131147 0.04408939549180328 0.0450499487704918
0 0.15138319672131148 0.6372950819672131 0.04146388319672131 0.06355660860655737
0 0.19031762295081966 0.8045594262295082 0.03739754098360656 0.07425076844262295
0 0.22694672131147542 0.7950819672131147 0.05122950819672131 0.061443391393442626
0 0.22617827868852458 0.8778176229508197 0.03947873975409836 0.06201972336065574
0 0.26588114754098363 0.8960040983606558 0.0450499487704918 0.058433657786885244
0 0.24334016393442623 0.717469262295082 0.05436731557377049 0.0373655225409836
0 0.22950819672131148 0.6629098360655737 0.06755891393442623 0.0450499487704918
0 0.2300204918032787 0.6075819672131147 0.040023053278688527 0.06867955942622951
0 0.2574282786885246 0.5727459016393442 0.04966060450819672 0.07271388319672131
0 0.29405737704918034 0.5407274590163934 0.04911629098360656 0.05888191598360656
0 0.18186475409836064 0.6319159836065574 0.043000768442622954 0.0527984118852459
0 0.19031762295081966 0.6045081967213115 0.03429175204918033 0.06663037909836066
0 0.2958504098360656 0.6516393442622951 0.052734375 0.08097464139344263
0 0.29610655737704916 0.7351434426229508 0.0368532274590164 0.07790087090163934
0 0.3432377049180328 0.7930327868852459 0.03992699795081967 0.062467981557377046
0 0.32735655737704916 0.7476946721311475 0.045081967213114756 0.040503329918032786
0 0.3319672131147541 0.6977459016393442 0.061539446721311473 0.047099129098360656
0 0.3550204918032787 0.6616290983606558 0.058369620901639344 0.06502945696721311
0 0.38037909836065575 0.649077868852459 0.040983606557377046 0.08199923155737705
0 0.4182889344262295 0.6457479508196722 0.03739754098360656 0.09275742827868852
0 0.46209016393442626 0.6905737704918032 0.06765496926229508 0.048123719262295084
0 0.46746926229508196 0.7269467213114754 0.07172131147540983 0.03589267418032787
0 0.37781762295081966 0.8299180327868853 0.035380379098360656 0.06964011270491803
0 0.42059426229508196 0.8273565573770492 0.042008196721311473 0.062467981557377046
0 0.43929303278688525 0.7907274590163934 0.04969262295081967 0.040439293032786885
0 0.49385245901639346 0.8319672131147541 0.061507428278688527 0.058369620901639344
0 0.5535348360655737 0.9669569672131147 0.06096311475409836 0.050685194672131145
0 0.7141393442622951 0.9456967213114754 0.051293545081967214 0.057345030737704916
0 0.828125 0.9257172131147541 0.0487000512295082 0.04607453893442623
0 0.9065061475409836 0.9334016393442623 0.035860655737704916 0.044025358606557374
0 0.9287909836065574 0.9810450819672131 0.040023053278688527 0.0369172643442623
0 0.9620901639344263 0.9618340163934426 0.02663934426229508 0.032242571721311473
0 0.5701844262295082 0.7984118852459017 0.05535988729508197 0.05888191598360656
0 0.6016905737704918 0.8212090163934426 0.035316342213114756 0.08295978483606557
0 0.6429303278688525 0.8117315573770492 0.046170594262295084 0.059906506147540985
0 0.6780225409836066 0.7797131147540983 0.05737704918032787 0.0451139856557377
0 0.5489241803278688 0.7781762295081968 0.051773821721311473 0.03179431352459016
0 0.5558401639344263 0.7266905737704918 0.07280993852459017 0.03742955942622951
0 0.5663422131147541 0.6875 0.06557377049180328 0.05427126024590164
0 0.5824795081967213 0.6593237704918032 0.057345030737704916 0.06554175204918032
0 0.5189549180327869 0.6754610655737705 0.0450499487704918 0.0844966700819672
0 0.6695696721311475 0.6670081967213115 0.0584656762295082 0.05119748975409836
0 0.686219262295082 0.6918545081967213 0.06403688524590163 0.04453765368852459
0 0.6375512295081968 0.6508709016393442 0.04815573770491803 0.07021644467213115
0 0.6416495901639344 0.5968237704918032 0.059970543032786885 0.05126152663934426
0 0.8701331967213115 0.6913422131147541 0.0487000512295082 0.04146388319672131
0 0.7674180327868853 0.7156762295081968 0.058433657786885244 0.0368532274590164
0 0.7756147540983607 0.7781762295081968 0.04924436475409836 0.058433657786885244
0 0.8222336065573771 0.7953381147540983 0.025582735655737706 0.06912781762295082
0 0.8030225409836066 0.7943135245901639 0.03125 0.07425076844262295
0 0.852202868852459 0.7776639344262295 0.030193391393442622 0.06355660860655737
0 0.867827868852459 0.7394979508196722 0.030705686475409836 0.06201972336065574
0 0.9923155737704918 0.9500512295081968 0.014376280737704918 0.03839011270491803
0 0.9564549180327869 0.8739754098360656 0.0450499487704918 0.03794185450819672
0 0.9718237704918032 0.9188012295081968 0.029745133196721313 0.04658683401639344
0 0.9439036885245902 0.9093237704918032 0.03278688524590164 0.048123719262295084
0 0.9610655737704918 0.5330430327868853 0.04613857581967213 0.04658683401639344
0 0.9554303278688525 0.640625 0.027631915983606557 0.049724641393442626
0 0.9431352459016393 0.6570184426229508 0.03486808401639344 0.04966060450819672
0 0.984375 0.6252561475409836 0.024109887295081966 0.06816726434426229
0 0.9377561475409836 0.7113217213114754 0.03739754098360656 0.0486360143442623
0 0.9313524590163934 0.7579405737704918 0.050204918032786885 0.06509349385245902
0 0.9541495901639344 0.7648565573770492 0.02459016393442623 0.06867955942622951
0 0.9682377049180327 0.774077868852459 0.020491803278688523 0.06355660860655737
0 0.9892418032786885 0.7930327868852459 0.020523821721311477 0.03582863729508197
0 0.20645491803278687 0.14190573770491804 0.038902407786885244 0.038966444672131145
0 0.21055327868852458 0.18237704918032788 0.057345030737704916 0.04914830942622951
0 0.16214139344262296 0.20184426229508196 0.045626280737704916 0.07783683401639344
0 0.1244877049180328 0.24257172131147542 0.05122950819672131 0.04255251024590164
0 0.09733606557377049 0.2225922131147541 0.051293545081967214 0.0527984118852459
0 0.11936475409836066 0.16675204918032788 0.041015625 0.04761142418032787
0 0.07607581967213115 0.17494877049180327 0.03429175204918033 0.06400486680327869
0 0.008709016393442622 0.1721311475409836 0.017418032786885244 0.05017289959016393
0 0.05507172131147541 0.17418032786885246 0.035860655737704916 0.05427126024590164
0 0.044825819672131145 0.12218237704918032 0.02920081967213115 0.06919185450819672
0 0.07658811475409837 0.11142418032786885 0.045626280737704916 0.03947873975409836
0 0.09118852459016394 0.12653688524590165 0.04607453893442623 0.04204021516393443
0 0.05122950819672131 0.06352459016393443 0.033843493852459015 0.03992699795081967
0 0.11372950819672131 0.030993852459016393 0.028752561475409836 0.041527920081967214
0 0.14882172131147542 0.022797131147540985 0.03227459016393443 0.04559426229508197
0 0.16111680327868852 0.0507172131147541 0.042008196721311473 0.03582863729508197
0 0.19544057377049182 0.05046106557377049 0.03278688524590164 0.04248847336065574
0 0.14805327868852458 0.08862704918032786 0.030705686475409836 0.061443391393442626
0 0.16931352459016394 0.08119877049180328 0.02612704918032787 0.05580814549180328
0 0.2028688524590164 0.09170081967213115 0.0471311475409836 0.048123719262295084
0 0.17033811475409835 0.13345286885245902 0.035316342213114756 0.05894595286885246
0 0.45850409836065575 0.04405737704918033 0.05023693647540984 0.0450499487704918
0 0.5023053278688525 0.04175204918032787 0.041527920081967214 0.06093109631147541
0 0.5304815573770492 0.02817622950819672 0.03944672131147541 0.05635245901639344
0 0.5619877049180327 0.08043032786885246 0.046170594262295084 0.058369620901639344
0 0.5911885245901639 0.09733606557377049 0.035860655737704916 0.05945824795081967
0 0.514344262295082 0.09631147540983606 0.040919569672131145 0.06355660860655737
0 0.5712090163934426 0.1524077868852459 0.04914830942622951 0.050749231557377046
0 0.6144979508196722 0.12167008196721311 0.03839011270491803 0.07021644467213115
0 0.6506147540983607 0.13755122950819673 0.035860655737704916 0.06816726434426229
0 0.6331967213114754 0.09221311475409837 0.04716316598360656 0.048123719262295084
0 0.6905737704918032 0.0860655737704918 0.03682120901639344 0.0604188012295082
0 0.7269467213114754 0.10066598360655737 0.03387551229508197 0.04767546106557377
0 0.7597336065573771 0.1365266393442623 0.02772797131147541 0.05894595286885246
0 0.7156762295081968 0.13089139344262296 0.04613857581967213 0.04255251024590164
0 0.7973872950819673 0.016137295081967214 0.02817622950819672 0.03227459016393443
0 0.8117315573770492 0.07505122950819672 0.035380379098360656 0.04453765368852459
0 0.8230020491803278 0.13294057377049182 0.032242571721311473 0.05382300204918033
0 0.8539959016393442 0.16188524590163936 0.045081967213114756 0.0409515881147541
0 0.8801229508196722 0.0776127049180328 0.030705686475409836 0.04453765368852459
0 0.9044569672131147 0.08939549180327869 0.025102459016393443 0.05170978483606557
0 0.8921618852459017 0.10860655737704918 0.0291688012295082 0.05126152663934426
0 0.9249487704918032 0.013575819672131147 0.03839011270491803 0.027151639344262294
0 0.9761782786885246 0.21106557377049182 0.035860655737704916 0.043000768442622954
0 0.9810450819672131 0.3265881147540984 0.025582735655737706 0.07527535860655737
0 0.9526127049180327 0.3242827868852459 0.04255251024590164 0.03173027663934426
0 0.8652663934426229 0.21388319672131148 0.028720543032786885 0.050685194672131145
0 0.8706454918032787 0.2543545081967213 0.03839011270491803 0.045626280737704916
0 0.9067622950819673 0.2497438524590164 0.04613857581967213 0.050749231557377046
0 0.8960040983606558 0.26844262295081966 0.04399334016393443 0.038966444672131145
0 0.8898565573770492 0.3050717213114754 0.03179431352459016 0.045562243852459015