0 0.6623975409836066 0.6603483606557377 0.05119748975409836 0.057345030737704916
0 0.5855532786885246 0.6618852459016393 0.05228611680327869 0.06964011270491803
0 0.5614754098360656 0.686219262295082 0.04924436475409836 0.05580814549180328
0 0.5245901639344263 0.6895491803278688 0.03992699795081967 0.08091060450819672
0 0.561219262295082 0.7553790983606558 0.05327868852459016 0.0640689036885246
0 0.5814549180327869 0.7991803278688525 0.0645811987704918 0.044025358606557374
0 0.6144979508196722 0.8217213114754098 0.036404969262295084 0.08091060450819672
0 0.6749487704918032 0.9029200819672131 0.045626280737704916 0.0527984118852459
0 0.7261782786885246 0.8119877049180327 0.0487000512295082 0.044025358606557374
0 0.6864754098360656 0.8009733606557377 0.041015625 0.04761142418032787
0 0.6831454918032787 0.7553790983606558 0.06400486680327869 0.045626280737704916
0 0.6956967213114754 0.7072233606557377 0.03275486680327869 0.06400486680327869
0 0.34375 0.24308401639344263 0.048123719262295084 0.06304431352459017
0 0.35040983606557374 0.3770491803278688 0.0368532274590164 0.08609759221311475
0 0.42418032786885246 0.4228995901639344 0.06663037909836066 0.04761142418032787
0 0.40906762295081966 0.5040983606557377 0.05375896516393443 0.06765496926229508
0 0.4287909836065574 0.6234631147540983 0.04607453893442623 0.06765496926229508
0 0.38831967213114754 0.6260245901639344 0.03992699795081967 0.09224513319672131
0 0.34144467213114754 0.6821209016393442 0.04460169057377049 0.08859503073770492
0 0.2863729508196721 0.5243340163934426 0.042008196721311473 0.072265625
0 0.23693647540983606 0.5368852459016393 0.0548155737704918 0.05119748975409836
0 0.26434426229508196 0.578125 0.0625 0.04966060450819672
0 0.3194159836065574 0.7277151639344263 0.06195568647540984 0.02612704918032787
0 0.336577868852459 0.7850922131147541 0.046170594262295084 0.04761142418032787
0 0.42315573770491804 0.859375 0.06755891393442623 0.05587218237704918
0 0.3801229508196721 0.8206967213114754 0.029745133196721313 0.053246670081967214
0 0.40906762295081966 0.8240266393442623 0.032242571721311473 0.0568327356557377
0 0.4413422131147541 0.8022540983606558 0.05580814549180328 0.05119748975409836
0 0.49718237704918034 0.796875 0.040983606557377046 0.0681032274590164
0 0.46388319672131145 0.7305327868852459 0.06099513319672131 0.02971311475409836
0 0.4567110655737705 0.7820184426229508 0.06915983606557377 0.03839011270491803
0 0.44364754098360654 0.3045594262295082 0.03790983606557377 0.08142289959016394
0 0.4994877049180328 0.3488729508196721 0.040023053278688527 0.07585169057377049
0 0.5069159836065574 0.2635758196721312 0.041527920081967214 0.05894595286885246
0 0.22156762295081966 0.6283299180327869 0.035316342213114756 0.07943775614754098
0 0.19006147540983606 0.6226946721311475 0.0368532274590164 0.072265625
0 0.14702868852459017 0.586577868852459 0.05119748975409836 0.052222079918032786
0 0.1606045081967213 0.6331967213114754 0.031762295081967214 0.0451139856557377
0 0.14549180327868852 0.6572745901639344 0.048123719262295084 0.048123719262295084
0 0.12269467213114754 0.7036372950819673 0.04658683401639344 0.03941470286885246
0 0.11808401639344263 0.757172131147541 0.050749231557377046 0.043064805327868855
0 0.17520491803278687 0.8094262295081968 0.028752561475409836 0.07066470286885246
0 0.13883196721311475 0.8621926229508197 0.048123719262295084 0.06355660860655737
0 0.20030737704918034 0.8481045081967213 0.0471311475409836 0.05792136270491803
0 0.2223360655737705 0.7953381147540983 0.04408939549180328 0.07322617827868852
0 0.2464139344262295 0.7738217213114754 0.06256403688524591 0.049724641393442626
0 0.24410860655737704 0.7277151639344263 0.051741803278688527 0.016905737704918034
0 0.051485655737704916 0.6383196721311475 0.03839011270491803 0.061507428278688527
0 0.042264344262295084 0.7671618852459017 0.036404969262295084 0.06304431352459017
0 0.019723360655737706 0.7648565573770492 0.02459016393442623 0.07072873975409837
0 0.031762295081967214 0.8983094262295082 0.041015625 0.051773821721311473
0 0.046362704918032786 0.8778176229508197 0.048668032786885244 0.049724641393442626
0 0.03790983606557377 0.9567110655737705 0.042008196721311473 0.04248847336065574
0 0.034579918032786885 0.9877049180327869 0.045626280737704916 0.0235655737704918
0 0.1995389344262295 0.18263319672131148 0.05382300204918033 0.0486360143442623
0 0.046362704918032786 0.3632172131147541 0.0466188524590164 0.05945824795081967
0 0.0786372950819672 0.3468237704918033 0.030193391393442622 0.038966444672131145
0 0.14190573770491804 0.30302254098360654 0.040983606557377046 0.07322617827868852
0 0.09579918032786885 0.257172131147541 0.042008196721311473 0.05433529713114754
0 0.08222336065573771 0.2033811475409836 0.041527920081967214 0.05119748975409836
0 0.048924180327868855 0.21285860655737704 0.02817622950819672 0.06502945696721311
0 0.02817622950819672 0.17776639344262296 0.041976178278688527 0.048123719262295084
0 0.060450819672131145 0.13498975409836064 0.028624487704918034 0.0568967725409836
0 0.03944672131147541 0.1088627049180328 0.033779456967213115 0.05382300204918033
0 0.08862704918032786 0.014344262295081968 0.045081967213114756 0.028688524590163935
0 0.1990266393442623 0.09298155737704918 0.04559426229508197 0.0486360143442623
0 0.1708504098360656 0.08017418032786885 0.04966060450819672 0.05888191598360656
0 0.4969262295081967 0.16367827868852458 0.0450499487704918 0.06298027663934426
0 0.4574795081967213 0.14805327868852458 0.0369172643442623 0.07072873975409837
0 0.4354508196721312 0.16572745901639344 0.0389984631147541 0.07322617827868852
0 0.4449282786885246 0.09605532786885246 0.04453765368852459 0.05382300204918033
0 0.5499487704918032 0.24718237704918034 0.050685194672131145 0.054847592213114756
0 0.5840163934426229 0.1726434426229508 0.041976178278688527 0.0686155225409836
0 0.6298668032786885 0.19415983606557377 0.03839011270491803 0.0604188012295082
0 0.6142418032786885 0.11244877049180328 0.058433657786885244 0.0527984118852459
0 0.6198770491803278 0.3709016393442623 0.048123719262295084 0.05126152663934426
0 0.6375512295081968 0.335297131147541 0.04047131147540984 0.04966060450819672
0 0.6016905737704918 0.33760245901639346 0.03739754098360656 0.05427126024590164
0 0.5578893442622951 0.29661885245901637 0.043064805327868855 0.05119748975409836
0 0.6201331967213115 0.2538422131147541 0.06762295081967214 0.07431480532786885
0 0.6416495901639344 0.24308401639344263 0.06502945696721311 0.040503329918032786
0 0.6882684426229508 0.06864754098360656 0.040983606557377046 0.06554175204918032
0 0.6851946721311475 0.02228483606557377 0.04405737704918033 0.036404969262295084
0 0.6452356557377049 0.052510245901639344 0.03278688524590164 0.06298027663934426
0 0.6360143442622951 0.014600409836065574 0.03947873975409836 0.02920081967213115
0 0.7161885245901639 0.3557889344262295 0.05430327868852459 0.05894595286885246
0 0.7520491803278688 0.3826844262295082 0.05737704918032787 0.05945824795081967
0 0.7589651639344263 0.31275614754098363 0.040983606557377046 0.050685194672131145
0 0.7225922131147541 0.2858606557377049 0.04460169057377049 0.0450499487704918
0 0.7543545081967213 0.2353995901639344 0.03944672131147541 0.06611808401639344
0 0.8288934426229508 0.2930327868852459 0.03992699795081967 0.0450499487704918
0 0.8393954918032787 0.38396516393442626 0.050749231557377046 0.06919185450819672
0 0.867827868852459 0.5379098360655737 0.052222079918032786 0.05427126024590164
0 0.90625 0.5202356557377049 0.030737704918032786 0.06919185450819672
0 0.9200819672131147 0.5722336065573771 0.05119748975409836 0.043000768442622954
0 0.899077868852459 0.3860143442622951 0.04914830942622951 0.06304431352459017
0 0.7899590163934426 0.6488217213114754 0.05430327868852459 0.0527984118852459
0 0.8317110655737705 0.6467725409836066 0.032306608606557374 0.06509349385245902
0 0.8826844262295082 0.6613729508196722 0.042072233606557374 0.058369620901639344
0 0.9257172131147541 0.6457479508196722 0.03784579918032787 0.07636398565573771
0 0.9451844262295082 0.6664959016393442 0.0369172643442623 0.03787781762295082
0 0.9574795081967213 0.632172131147541 0.02772797131147541 0.06663037909836066
0 0.9754098360655737 0.6242315573770492 0.022508965163934427 0.07124103483606557
0 0.9907786885245902 0.6296106557377049 0.0174500512295082 0.06867955942622951
0 0.8168545081967213 0.8117315573770492 0.032306608606557374 0.07834912909836066
0 0.8501536885245902 0.7820184426229508 0.03739754098360656 0.07220158811475409
0 0.8557889344262295 0.8355532786885246 0.030193391393442622 0.06451716188524591
0 0.9080430327868853 0.7904713114754098 0.0291688012295082 0.07168929303278689
0 0.9011270491803278 0.30917008196721313 0.041976178278688527 0.04658683401639344
0 0.9887295081967213 0.7400102459016393 0.022476946721311477 0.041527920081967214
0 0.9746413934426229 0.7612704918032787 0.020491803278688523 0.0563844774590164
0 0.9590163934426229 0.7638319672131147 0.01949923155737705 0.05945824795081967
0 0.9354508196721312 0.7423155737704918 0.03477202868852459 0.03281890368852459
0 0.9421106557377049 0.7594774590163934 0.030737704918032786 0.06919185450819672
0 0.944672131147541 0.8119877049180327 0.028720543032786885 0.03787781762295082
0 0.7620389344262295 0.9935963114754098 0.015368852459016393 0.0117827868852459
0 0.8094262295081968 0.9882172131147541 0.038902407786885244 0.022540983606557378
0 0.8498975409836066 0.9900102459016393 0.033843493852459015 0.018954918032786885
0 0.930327868852459 0.9738729508196722 0.027631915983606557 0.05126152663934426
0 0.8588627049180327 0.2538422131147541 0.036404969262295084 0.046650870901639344
0 0.8563012295081968 0.21004098360655737 0.03947873975409836 0.05119748975409836
0 0.8247950819672131 0.11936475409836066 0.028656506147540985 0.07072873975409837
0 0.8534836065573771 0.09246926229508197 0.030737704918032786 0.06093109631147541
0 0.8798668032786885 0.07402663934426229 0.03739754098360656 0.04761142418032787
0 0.8839651639344263 0.11603483606557377 0.031762295081967214 0.049724641393442626
0 0.9103483606557377 0.03944672131147541 0.025646772540983607 0.03787781762295082
0 0.9390368852459017 0.08990778688524591 0.04613857581967213 0.03634093237704918
0 0.9188012295081968 0.15420081967213115 0.03432377049180328 0.0451139856557377
0 0.961577868852459 0.18109631147540983 0.02663934426229508 0.054783555327868855
0 0.9705430327868853 0.2300204918032787 0.03839011270491803 0.04204021516393443
0 0.9257172131147541 0.24001024590163936 0.04716316598360656 0.03947873975409836
0 0.9623463114754098 0.2661372950819672 0.035316342213114756 0.05382300204918033
0 0.9894979508196722 0.30020491803278687 0.020491803278688523 0.044025358606557374
0 0.9882172131147541 0.3350409836065574 0.022573002049180328 0.02657530737704918
0 0.9605532786885246 0.319672131147541 0.031762295081967214 0.048123719262295084
0 0.9456967213114754 0.36603483606557374 0.0471311475409836 0.03947873975409836
0 0.9331454918032787 0.32248975409836067 0.0235655737704918 0.02971311475409836