0 0.35040983606557374 0.2651127049180328 0.040983606557377046 0.05692879098360656
0 0.6854508196721312 0.06454918032786885 0.05116547131147541 0.05423924180327869
0 0.6918545081967213 0.12423155737704918 0.04047131147540984 0.07024846311475409
0 0.6716188524590164 0.6667520491803278 0.06346055327868852 0.04962858606557377
0 0.6857069672131147 0.19723360655737704 0.04047131147540984 0.06346055327868852
0 0.6823770491803278 0.25486680327868855 0.04405737704918033 0.057953381147540985
0 0.6339651639344263 0.24769467213114754 0.04815573770491803 0.07332223360655737
0 0.6301229508196722 0.3109631147540984 0.042008196721311473 0.06448514344262295
0 0.6170594262295082 0.3624487704918033 0.05122950819672131 0.05078125
0 0.7448770491803278 0.4203381147540984 0.04412141393442623 0.0824154713114754
0 0.7994364754098361 0.37679303278688525 0.051741803278688527 0.05590420081967213
0 0.8007172131147541 0.32530737704918034 0.05122950819672131 0.05321465163934426
0 0.8427254098360656 0.31224385245901637 0.03393954918032787 0.061923668032786885
0 0.8660348360655737 0.36962090163934425 0.047579405737704916 0.06819928278688525
0 0.9067622950819673 0.3796106557377049 0.036949282786885244 0.07076075819672131
0 0.9190573770491803 0.31813524590163933 0.035860655737704916 0.03169825819672131
0 0.9731045081967213 0.38140368852459017 0.043481045081967214 0.043609118852459015
0 0.9930840163934426 0.4208504098360656 0.012871413934426229 0.048603995901639344
0 0.9620901639344263 0.2617827868852459 0.035860655737704916 0.06256403688524591
0 0.8084016393442623 0.5171618852459017 0.05430327868852459 0.057953381147540985
0 0.8247950819672131 0.5671106557377049 0.03272284836065574 0.05731301229508197
0 0.8168545081967213 0.6180840163934426 0.05385502049180328 0.0466828893442623
0 0.7886782786885246 0.6570184426229508 0.03432377049180328 0.07319415983606557
0 0.9003586065573771 0.24692622950819673 0.0471311475409836 0.04412141393442623
0 0.8967725409836066 0.2036372950819672 0.0352843237704918 0.04655481557377049
0 0.8803790983606558 0.11244877049180328 0.030161372950819672 0.0548796106557377
0 0.9144467213114754 0.08273565573770492 0.0389344262295082 0.03630891393442623
0 0.9095799180327869 0.11065573770491803 0.033363217213114756 0.041047643442622954
0 0.8767930327868853 0.06147540983606557 0.035860655737704916 0.04296875
0 0.6834016393442623 0.695952868852459 0.06339651639344263 0.04655481557377049
0 0.6851946721311475 0.7702356557377049 0.0588498975409836 0.030225409836065573
0 0.6429303278688525 0.8142930327868853 0.043929303278688527 0.06909579918032786
0 0.6198770491803278 0.8534836065573771 0.03483606557377049 0.08305584016393443
0 0.592469262295082 0.8253073770491803 0.04258452868852459 0.07985399590163934
0 0.4551741803278688 0.3427254098360656 0.04252049180327869 0.07678022540983606
0 0.4047131147540984 0.0315061475409836 0.051357581967213115 0.06294825819672131
0 0.08452868852459017 0.016137295081967214 0.036885245901639344 0.03227459016393443
0 0.06173155737704918 0.14779713114754098 0.040983606557377046 0.0548796106557377
0 0.1019467213114754 0.21567622950819673 0.04412141393442623 0.05116547131147541
0 0.1557377049180328 0.27638319672131145 0.049052254098360656 0.06000256147540984
0 0.1918545081967213 0.3171106557377049 0.03637295081967213 0.05731301229508197
0 0.10502049180327869 0.3201844262295082 0.04604252049180328 0.05423924180327869
0 0.07248975409836066 0.36552254098360654 0.03790983606557377 0.05897797131147541
0 0.15087090163934427 0.4077868852459016 0.05385502049180328 0.07575563524590163
0 0.31915983606557374 0.397797131147541 0.04809170081967213 0.09733606557377049
0 0.37781762295081966 0.4449282786885246 0.05078125 0.07216956967213115
0 0.8393954918032787 0.6380635245901639 0.038486168032786885 0.07537141393442623
0 0.8596311475409836 0.649077868852459 0.049052254098360656 0.061539446721311473
0 0.7715163934426229 0.7105532786885246 0.0471311475409836 0.04604252049180328
0 0.7768954918032787 0.7725409836065574 0.05122950819672131 0.04719518442622951
0 0.7996926229508197 0.804047131147541 0.04296875 0.07012038934426229
0 0.8335040983606558 0.7904713114754098 0.03278688524590164 0.0583376024590164
0 0.859375 0.7697233606557377 0.052766393442622954 0.04565829918032787
0 0.6362704918032787 0.6411372950819673 0.035796618852459015 0.0897156762295082
0 0.5911885245901639 0.6565061475409836 0.0431608606557377 0.07934170081967214
0 0.5491803278688525 0.711577868852459 0.04296875 0.06755891393442623
0 0.5886270491803278 0.921875 0.050204918032786885 0.053726946721311473
0 0.6652151639344263 0.9106045081967213 0.037333504098360656 0.07114497950819672
0 0.7010758196721312 0.8967725409836066 0.04040727459016393 0.07229764344262295
0 0.8181352459016393 0.9077868852459017 0.04719518442622951 0.04809170081967213
0 0.8650102459016393 0.9828381147540983 0.03790983606557377 0.033363217213114756
0 0.9223872950819673 0.9751536885245902 0.03643698770491803 0.048732069672131145
0 0.9572233606557377 0.9779713114754098 0.03637295081967213 0.03387551229508197
0 0.9725922131147541 0.9390368852459017 0.038486168032786885 0.045017930327868855
0 0.9339139344262295 0.852202868852459 0.03598872950819672 0.05692879098360656
0 0.9731045081967213 0.8125 0.02971311475409836 0.05423924180327869
0 0.8752561475409836 0.6805840163934426 0.0466188524590164 0.05782530737704918
0 0.8855020491803278 0.7205430327868853 0.03432377049180328 0.0466828893442623
0 0.2894467213114754 0.5986168032786885 0.04924436475409836 0.05590420081967213
0 0.36219262295081966 0.5870901639344263 0.0584656762295082 0.0470671106557377
0 0.923155737704918 0.5827356557377049 0.0470030737704918 0.04450563524590164
0 0.9526127049180327 0.5660860655737705 0.04405737704918033 0.04604252049180328
0 0.9838627049180327 0.5491803278688525 0.03125 0.04911629098360656
0 0.9536372950819673 0.6467725409836066 0.0389344262295082 0.05692879098360656
0 0.9823258196721312 0.7551229508196722 0.027087602459016393 0.04719518442622951
0 0.9449282786885246 0.7620389344262295 0.02663934426229508 0.0743468237704918
0 0.9620901639344263 0.765625 0.0194031762295082 0.07127305327868852
0 0.9910348360655737 0.7909836065573771 0.017418032786885244 0.04296875
0 0.9815573770491803 0.6198770491803278 0.026703381147540985 0.07690829918032786
0 0.9907786885245902 0.6293545081967213 0.01748206967213115 0.0661501024590164
0 0.9346823770491803 0.6908299180327869 0.04258452868852459 0.04553022540983607
0 0.25922131147540983 0.8801229508196722 0.055391905737704916 0.046170594262295084
0 0.2978995901639344 0.9164959016393442 0.034259733606557374 0.08600153688524591
0 0.3401639344262295 0.8463114754098361 0.035860655737704916 0.051293545081967214
0 0.23565573770491804 0.6698258196721312 0.05327868852459016 0.06089907786885246
0 0.20645491803278687 0.6401127049180327 0.03483606557377049 0.0825435450819672
0 0.17341188524590165 0.6331967213114754 0.033363217213114756 0.08203125
0 0.14728483606557377 0.5909323770491803 0.03483606557377049 0.06909579918032786
0 0.1552254098360656 0.6559938524590164 0.02663934426229508 0.05692879098360656
0 0.13140368852459017 0.6260245901639344 0.042008196721311473 0.059490266393442626
0 0.0863217213114754 0.6342213114754098 0.03483606557377049 0.07690829918032786
0 0.028944672131147542 0.6162909836065574 0.027663934426229508 0.07076075819672131
0 0.012295081967213115 0.6247438524590164 0.02459016393442623 0.057953381147540985
0 0.07197745901639344 0.7236168032786885 0.029136782786885244 0.06102715163934426
0 0.03637295081967213 0.7707479508196722 0.02971311475409836 0.05078125
0 0.027151639344262294 0.8465676229508197 0.035860655737704916 0.06512551229508197
0 0.030993852459016393 0.9013831967213115 0.04143186475409836 0.05078125
0 0.0391905737704918 0.9715676229508197 0.02663934426229508 0.05385502049180328
0 0.01408811475409836 0.954405737704918 0.02817622950819672 0.055263831967213115
0 0.14190573770491804 0.7346311475409836 0.0389344262295082 0.04719518442622951
0 0.14754098360655737 0.8491290983606558 0.04719518442622951 0.05590420081967213
0 0.20184426229508196 0.8148053278688525 0.03483606557377049 0.07524334016393443
0 0.16905737704918034 0.7973872950819673 0.028752561475409836 0.07421875
0 0.1444672131147541 0.7899590163934426 0.02663934426229508 0.0624359631147541
0 0.2348872950819672 0.7881659836065574 0.06096311475409836 0.05782530737704918
0 0.3073770491803279 0.6854508196721312 0.04521004098360656 0.03989497950819672
0 0.28739754098360654 0.7815061475409836 0.03368340163934426 0.0506531762295082
0 0.32889344262295084 0.7366803278688525 0.05737704918032787 0.06563780737704918
0 0.35297131147540983 0.7935450819672131 0.04809170081967213 0.0470671106557377
0 0.37730532786885246 0.8311987704918032 0.034259733606557374 0.07114497950819672
0 0.41265368852459017 0.826844262295082 0.03643698770491803 0.06755891393442623
0 0.43826844262295084 0.8160860655737705 0.038486168032786885 0.06755891393442623
0 0.44339139344262296 0.6598360655737705 0.06307633196721311 0.06550973360655737
0 0.39728483606557374 0.6308913934426229 0.0352843237704918 0.08356813524590163
0 0.4567110655737705 0.7835553278688525 0.05942622950819672 0.04143186475409836
0 0.46593237704918034 0.7361680327868853 0.06499743852459017 0.017418032786885244
0 0.4613217213114754 0.7067110655737705 0.06557377049180328 0.042456454918032786
0 0.3355532786885246 0.6800717213114754 0.05327868852459016 0.0588498975409836
0 0.36936475409836067 0.6526639344262295 0.03393954918032787 0.09125256147540983
0 0.3332479508196721 0.6306352459016393 0.04252049180327869 0.061539446721311473