0 0.6623975409836066 0.6603483606557377 0.05116547131147541 0.05731301229508197
0 0.5855532786885246 0.6618852459016393 0.05231813524590164 0.06960809426229508
0 0.5614754098360656 0.686219262295082 0.04930840163934426 0.05577612704918033
0 0.5245901639344263 0.6895491803278688 0.03989497950819672 0.08087858606557377
0 0.561219262295082 0.7553790983606558 0.05327868852459016 0.06410092213114754
0 0.5814549180327869 0.7991803278688525 0.06461321721311475 0.04399334016393443
0 0.6144979508196722 0.8217213114754098 0.03643698770491803 0.08087858606557377
0 0.6749487704918032 0.9029200819672131 0.04565829918032787 0.052830430327868855
0 0.7261782786885246 0.8119877049180327 0.048732069672131145 0.04399334016393443
0 0.6864754098360656 0.8009733606557377 0.041047643442622954 0.047579405737704916
0 0.6831454918032787 0.7553790983606558 0.06397284836065574 0.04565829918032787
0 0.6956967213114754 0.7072233606557377 0.03272284836065574 0.06397284836065574
0 0.34375 0.24308401639344263 0.04809170081967213 0.06307633196721311
0 0.35040983606557374 0.3770491803278688 0.03682120901639344 0.08612961065573771
0 0.42418032786885246 0.4228995901639344 0.0666623975409836 0.047579405737704916
0 0.40906762295081966 0.5040983606557377 0.053726946721311473 0.06768698770491803
0 0.4287909836065574 0.6234631147540983 0.04604252049180328 0.06768698770491803
0 0.38831967213114754 0.6260245901639344 0.03989497950819672 0.09227715163934426
0 0.34144467213114754 0.6821209016393442 0.04463370901639344 0.08856301229508197
0 0.2863729508196721 0.5243340163934426 0.042008196721311473 0.07229764344262295
0 0.23693647540983606 0.5368852459016393 0.0548155737704918 0.05116547131147541
0 0.26434426229508196 0.578125 0.0625 0.04962858606557377
0 0.3194159836065574 0.7277151639344263 0.061923668032786885 0.02612704918032787
0 0.336577868852459 0.7850922131147541 0.046234631147540985 0.047579405737704916
0 0.42315573770491804 0.859375 0.06749487704918032 0.05590420081967213
0 0.3801229508196721 0.8206967213114754 0.029777151639344263 0.05321465163934426
0 0.40906762295081966 0.8240266393442623 0.032210553278688527 0.056800717213114756
0 0.4413422131147541 0.8022540983606558 0.05577612704918033 0.05116547131147541
0 0.49718237704918034 0.796875 0.040983606557377046 0.06807120901639344
0 0.46388319672131145 0.7305327868852459 0.06102715163934426 0.02971311475409836
0 0.4567110655737705 0.7820184426229508 0.06915983606557377 0.038358094262295084
0 0.44364754098360654 0.3045594262295082 0.03790983606557377 0.08139088114754098
0 0.4994877049180328 0.3488729508196721 0.04008709016393443 0.07588370901639344
0 0.5069159836065574 0.2635758196721312 0.04155993852459016 0.05897797131147541
0 0.22156762295081966 0.6283299180327869 0.0352843237704918 0.07946977459016394
0 0.19006147540983606 0.6226946721311475 0.03682120901639344 0.07229764344262295
0 0.14702868852459017 0.586577868852459 0.05116547131147541 0.05219006147540984
0 0.1606045081967213 0.6331967213114754 0.031762295081967214 0.045146004098360656
0 0.14549180327868852 0.6572745901639344 0.04809170081967213 0.04809170081967213
0 0.12269467213114754 0.7036372950819673 0.04655481557377049 0.03938268442622951
0 0.11808401639344263 0.757172131147541 0.05078125 0.0430968237704918
0 0.17520491803278687 0.8094262295081968 0.028816598360655737 0.07063268442622951
0 0.13883196721311475 0.8621926229508197 0.04809170081967213 0.06358862704918032
0 0.20030737704918034 0.8481045081967213 0.0471311475409836 0.057953381147540985
0 0.2223360655737705 0.7953381147540983 0.04412141393442623 0.07319415983606557
0 0.2464139344262295 0.7738217213114754 0.0626280737704918 0.04975665983606557
0 0.24410860655737704 0.7277151639344263 0.051741803278688527 0.016905737704918034
0 0.051485655737704916 0.6383196721311475 0.038358094262295084 0.061539446721311473
0 0.042264344262295084 0.7671618852459017 0.03643698770491803 0.06307633196721311
0 0.019723360655737706 0.7648565573770492 0.02459016393442623 0.07076075819672131
0 0.031762295081967214 0.8983094262295082 0.041047643442622954 0.05180584016393443
0 0.046362704918032786 0.8778176229508197 0.048668032786885244 0.04975665983606557
0 0.03790983606557377 0.9567110655737705 0.042008196721311473 0.042456454918032786
0 0.034579918032786885 0.9877049180327869 0.04565829918032787 0.0235655737704918
0 0.1995389344262295 0.18263319672131148 0.05385502049180328 0.048603995901639344
0 0.046362704918032786 0.3632172131147541 0.0466188524590164 0.059490266393442626
0 0.0786372950819672 0.3468237704918033 0.030161372950819672 0.0389984631147541
0 0.14190573770491804 0.30302254098360654 0.040983606557377046 0.07319415983606557
0 0.09579918032786885 0.257172131147541 0.042008196721311473 0.05436731557377049
0 0.08222336065573771 0.2033811475409836 0.04155993852459016 0.05116547131147541
0 0.048924180327868855 0.21285860655737704 0.02817622950819672 0.06499743852459017
0 0.02817622950819672 0.17776639344262296 0.04194415983606557 0.04809170081967213
0 0.060450819672131145 0.13498975409836064 0.02856045081967213 0.05692879098360656
0 0.03944672131147541 0.1088627049180328 0.03374743852459016 0.05385502049180328
0 0.08862704918032786 0.014344262295081968 0.045081967213114756 0.028688524590163935
0 0.1990266393442623 0.09298155737704918 0.04559426229508197 0.048603995901639344
0 0.1708504098360656 0.08017418032786885 0.04962858606557377 0.0588498975409836
0 0.4969262295081967 0.16367827868852458 0.045017930327868855 0.06294825819672131
0 0.4574795081967213 0.14805327868852458 0.036949282786885244 0.07076075819672131
0 0.4354508196721312 0.16572745901639344 0.0390625 0.07319415983606557
0 0.4449282786885246 0.09605532786885246 0.04450563524590164 0.05385502049180328
0 0.5499487704918032 0.24718237704918034 0.0506531762295082 0.0548796106557377
0 0.5840163934426229 0.1726434426229508 0.04194415983606557 0.06858350409836066
0 0.6298668032786885 0.19415983606557377 0.038358094262295084 0.060386782786885244
0 0.6142418032786885 0.11244877049180328 0.0584656762295082 0.052830430327868855
0 0.6198770491803278 0.3709016393442623 0.04809170081967213 0.051293545081967214
0 0.6375512295081968 0.335297131147541 0.04047131147540984 0.04962858606557377
0 0.6016905737704918 0.33760245901639346 0.03739754098360656 0.05423924180327869
0 0.5578893442622951 0.29661885245901637 0.0430968237704918 0.05116547131147541
0 0.6201331967213115 0.2538422131147541 0.06762295081967214 0.0743468237704918
0 0.6416495901639344 0.24308401639344263 0.06499743852459017 0.04053534836065574
0 0.6882684426229508 0.06864754098360656 0.040983606557377046 0.06550973360655737
0 0.6851946721311475 0.02228483606557377 0.04405737704918033 0.03643698770491803
0 0.6452356557377049 0.052510245901639344 0.03278688524590164 0.06294825819672131
0 0.6360143442622951 0.014600409836065574 0.03951075819672131 0.02920081967213115
0 0.7161885245901639 0.3557889344262295 0.05430327868852459 0.05897797131147541
0 0.7520491803278688 0.3826844262295082 0.05737704918032787 0.059490266393442626
0 0.7589651639344263 0.31275614754098363 0.040983606557377046 0.0506531762295082
0 0.7225922131147541 0.2858606557377049 0.04463370901639344 0.045017930327868855
0 0.7543545081967213 0.2353995901639344 0.03944672131147541 0.0661501024590164
0 0.8288934426229508 0.2930327868852459 0.03989497950819672 0.045017930327868855
0 0.8393954918032787 0.38396516393442626 0.05078125 0.06922387295081968
0 0.867827868852459 0.5379098360655737 0.05219006147540984 0.05423924180327869
0 0.90625 0.5202356557377049 0.030737704918032786 0.06922387295081968
0 0.9200819672131147 0.5722336065573771 0.05116547131147541 0.04296875
0 0.899077868852459 0.3860143442622951 0.04911629098360656 0.06307633196721311
0 0.7899590163934426 0.6488217213114754 0.05430327868852459 0.052830430327868855
0 0.8317110655737705 0.6467725409836066 0.03233862704918033 0.06512551229508197
0 0.8826844262295082 0.6613729508196722 0.04213627049180328 0.0583376024590164
0 0.9257172131147541 0.6457479508196722 0.03778176229508197 0.07639600409836066
0 0.9451844262295082 0.6664959016393442 0.036949282786885244 0.03784579918032787
0 0.9574795081967213 0.632172131147541 0.027792008196721313 0.0666623975409836
0 0.9754098360655737 0.6242315573770492 0.022476946721311477 0.07127305327868852
0 0.9907786885245902 0.6296106557377049 0.01748206967213115 0.06871157786885246
0 0.8168545081967213 0.8117315573770492 0.03233862704918033 0.07831711065573771
0 0.8501536885245902 0.7820184426229508 0.03739754098360656 0.07216956967213115
0 0.8557889344262295 0.8355532786885246 0.030161372950819672 0.06448514344262295
0 0.9080430327868853 0.7904713114754098 0.029136782786885244 0.07165727459016394
0 0.9011270491803278 0.30917008196721313 0.04194415983606557 0.04655481557377049
0 0.9887295081967213 0.7400102459016393 0.022412909836065573 0.04155993852459016
0 0.9746413934426229 0.7612704918032787 0.020491803278688523 0.056416495901639344
0 0.9590163934426229 0.7638319672131147 0.01953125 0.059490266393442626
0 0.9354508196721312 0.7423155737704918 0.03470799180327869 0.03285092213114754
0 0.9421106557377049 0.7594774590163934 0.030737704918032786 0.06922387295081968
0 0.944672131147541 0.8119877049180327 0.028752561475409836 0.03784579918032787
0 0.7620389344262295 0.9935963114754098 0.015368852459016393 0.0117827868852459
0 0.8094262295081968 0.9882172131147541 0.0388703893442623 0.022540983606557378
0 0.8498975409836066 0.9900102459016393 0.03387551229508197 0.018954918032786885
0 0.930327868852459 0.9738729508196722 0.027599897540983607 0.051293545081967214
0 0.8588627049180327 0.2538422131147541 0.03643698770491803 0.0466828893442623
0 0.8563012295081968 0.21004098360655737 0.03951075819672131 0.05116547131147541
0 0.8247950819672131 0.11936475409836066 0.028624487704918034 0.07076075819672131
0 0.8534836065573771 0.09246926229508197 0.030737704918032786 0.06089907786885246
0 0.8798668032786885 0.07402663934426229 0.03739754098360656 0.047579405737704916
0 0.8839651639344263 0.11603483606557377 0.031762295081967214 0.04975665983606557
0 0.9103483606557377 0.03944672131147541 0.025678790983606557 0.03784579918032787
0 0.9390368852459017 0.08990778688524591 0.046170594262295084 0.03630891393442623
0 0.9188012295081968 0.15420081967213115 0.03432377049180328 0.045146004098360656
0 0.961577868852459 0.18109631147540983 0.02663934426229508 0.0547515368852459
0 0.9705430327868853 0.2300204918032787 0.038358094262295084 0.042072233606557374
0 0.9257172131147541 0.24001024590163936 0.04719518442622951 0.03951075819672131
0 0.9623463114754098 0.2661372950819672 0.0352843237704918 0.05385502049180328
0 0.9894979508196722 0.30020491803278687 0.020491803278688523 0.04399334016393443
0 0.9882172131147541 0.3350409836065574 0.02260502049180328 0.02651127049180328
0 0.9605532786885246 0.319672131147541 0.031762295081967214 0.04809170081967213
0 0.9456967213114754 0.36603483606557374 0.0471311475409836 0.03951075819672131
0 0.9331454918032787 0.32248975409836067 0.0235655737704918 0.02971311475409836