0 0.7835553278688525 0.4805327868852459 0.06634221311475409 0.05353483606557377
0 0.8386270491803278 0.522797131147541 0.04328893442622951 0.05712090163934426
0 0.907530737704918 0.4713114754098361 0.05635245901639344 0.04533811475409836
0 0.8957479508196722 0.5689036885245902 0.03355532786885246 0.07197745901639344
0 0.876280737704918 0.602202868852459 0.04585040983606557 0.048924180327868855
0 0.8109631147540983 0.6096311475409836 0.04405737704918033 0.0545594262295082
0 0.8603995901639344 0.6534323770491803 0.0471311475409836 0.05507172131147541
0 0.7858606557377049 0.6690573770491803 0.03790983606557377 0.0622438524590164
0 0.8770491803278688 0.7015881147540983 0.03432377049180328 0.0391905737704918
0 0.7704918032786885 0.7161885245901639 0.052510245901639344 0.03765368852459016
0 0.9398053278688525 0.663422131147541 0.04175204918032787 0.04175204918032787
0 0.9556864754098361 0.632172131147541 0.03560450819672131 0.06378073770491803
0 0.9828381147540983 0.6191086065573771 0.03278688524590164 0.0776127049180328
0 0.9748975409836066 0.7658811475409836 0.037141393442622954 0.0545594262295082
0 0.9285348360655737 0.7420594262295082 0.03637295081967213 0.030225409836065573
0 0.9418545081967213 0.7599897540983607 0.029969262295081966 0.06941598360655737
0 0.9464651639344263 0.7889344262295082 0.026895491803278687 0.06019467213114754
0 0.9690061475409836 0.8273565573770492 0.042008196721311473 0.04789959016393443
0 0.9910348360655737 0.8411885245901639 0.017418032786885244 0.054047131147540985
0 0.8417008196721312 0.7904713114754098 0.04175204918032787 0.054047131147540985
0 0.8237704918032787 0.8324795081967213 0.03739754098360656 0.054047131147540985
0 0.7448770491803278 0.8145491803278688 0.06121926229508197 0.05609631147540984
0 0.9433913934426229 0.38140368852459017 0.050204918032786885 0.059170081967213115
0 0.8839651639344263 0.3865266393442623 0.037141393442622954 0.0509733606557377
0 0.8347848360655737 0.37730532786885246 0.06121926229508197 0.06121926229508197
0 0.7932889344262295 0.3276127049180328 0.05712090163934426 0.042264344262295084
0 0.891905737704918 0.3324795081967213 0.06864754098360656 0.05199795081967213
0 0.8019979508196722 0.9905225409836066 0.03201844262295082 0.017930327868852458
0 0.836577868852459 0.9935963114754098 0.047387295081967214 0.0117827868852459
0 0.8847336065573771 0.9941086065573771 0.02971311475409836 0.010758196721311475
0 0.4697745901639344 0.5724897540983607 0.05584016393442623 0.055584016393442626
0 0.6657274590163934 0.7986680327868853 0.056608606557377046 0.04994877049180328
0 0.6378073770491803 0.8127561475409836 0.04559426229508197 0.047387295081967214
0 0.5947745901639344 0.8117315573770492 0.052766393442622954 0.05046106557377049
0 0.5640368852459017 0.7927766393442623 0.04175204918032787 0.060706967213114756
0 0.532530737704918 0.9600409836065574 0.05891393442622951 0.059170081967213115
0 0.5619877049180327 0.7233606557377049 0.06121926229508197 0.04431352459016393
0 0.5786372950819673 0.6805840163934426 0.06915983606557377 0.0586577868852459
0 0.5981045081967213 0.6454918032786885 0.05942622950819672 0.051485655737704916
0 0.6426741803278688 0.6460040983606558 0.03739754098360656 0.09042008196721311
0 0.7264344262295082 0.6990266393442623 0.037141393442622954 0.06480532786885246
0 0.7282274590163934 0.7489754098360656 0.039702868852459015 0.05046106557377049
0 0.6736680327868853 0.6849385245901639 0.048668032786885244 0.0776127049180328
0 0.41290983606557374 0.9398053278688525 0.05122950819672131 0.04943647540983607
0 0.0627561475409836 0.9836065573770492 0.0350922131147541 0.03201844262295082
0 0.03381147540983607 0.9474897540983607 0.03278688524590164 0.06173155737704918
0 0.018954918032786885 0.9877049180327869 0.02535860655737705 0.0235655737704918
0 0.32581967213114754 0.9272540983606558 0.0466188524590164 0.06019467213114754
0 0.2738217213114754 0.8650102459016393 0.05891393442622951 0.06019467213114754
0 0.05122950819672131 0.7607581967213115 0.04175204918032787 0.07095286885245902
0 0.0117827868852459 0.595030737704918 0.0235655737704918 0.0622438524590164
0 0.04252049180327869 0.6037397540983607 0.05199795081967213 0.05609631147540984
0 0.08811475409836066 0.6385758196721312 0.028944672131147542 0.06839139344262295
0 0.010502049180327868 0.3734631147540984 0.02074795081967213 0.04943647540983607
0 0.2856045081967213 0.018442622950819672 0.043545081967213115 0.036885245901639344
0 0.5478995901639344 0.00665983606557377 0.026895491803278687 0.01331967213114754
0 0.8798668032786885 0.017418032786885244 0.0466188524590164 0.03483606557377049
0 0.9818135245901639 0.019211065573770492 0.022028688524590164 0.038422131147540985
0 0.9861680327868853 0.1716188524590164 0.026895491803278687 0.0427766393442623
0 0.022028688524590164 0.26229508196721313 0.037141393442622954 0.05353483606557377
0 0.0194672131147541 0.1526639344262295 0.0389344262295082 0.039959016393442626
0 0.01408811475409836 0.11168032786885246 0.02817622950819672 0.037141393442622954
0 0.011526639344262296 0.08145491803278689 0.02305327868852459 0.03867827868852459
0 0.9733606557377049 0.26280737704918034 0.03483606557377049 0.04943647540983607
0 0.9464651639344263 0.2692110655737705 0.024334016393442622 0.05712090163934426
0 0.8947233606557377 0.28253073770491804 0.03637295081967213 0.0545594262295082
0 0.9070184426229508 0.24846311475409835 0.03867827868852459 0.0627561475409836
0 0.8496413934426229 0.24487704918032788 0.02971311475409836 0.0627561475409836
0 0.8711577868852459 0.25486680327868855 0.03483606557377049 0.05712090163934426
0 0.8084016393442623 0.22566598360655737 0.03201844262295082 0.06531762295081968
0 0.8145491803278688 0.04585040983606557 0.03125 0.06378073770491803
0 0.7950819672131147 0.060450819672131145 0.02920081967213115 0.05302254098360656
0 0.8043032786885246 0.1011782786885246 0.04585040983606557 0.0427766393442623
0 0.5934938524590164 0.04841188524590164 0.028944672131147542 0.060706967213114756
0 0.5650614754098361 0.06480532786885246 0.041239754098360656 0.06480532786885246
0 0.7315573770491803 0.2143954918032787 0.05122950819672131 0.052510245901639344
0 0.7364241803278688 0.17494877049180327 0.05584016393442623 0.04943647540983607
0 0.6667520491803278 0.1834016393442623 0.039702868852459015 0.06121926229508197
0 0.6880122950819673 0.09964139344262295 0.05737704918032787 0.04585040983606557
0 0.703125 0.13217213114754098 0.04585040983606557 0.057633196721311473
0 0.6723872950819673 0.13447745901639344 0.05737704918032787 0.0509733606557377
0 0.5555840163934426 0.15496926229508196 0.050204918032786885 0.0509733606557377
0 0.5251024590163934 0.1447233606557377 0.03637295081967213 0.07658811475409837
0 0.4405737704918033 0.09964139344262295 0.054047131147540985 0.054047131147540985
0 0.47156762295081966 0.13498975409836064 0.03739754098360656 0.06736680327868852
0 0.49103483606557374 0.16086065573770492 0.04047131147540984 0.07351434426229508
0 0.5097336065573771 0.11270491803278689 0.042008196721311473 0.04328893442622951
0 0.04021516393442623 0.19620901639344263 0.030737704918032786 0.05609631147540984
0 0.5981045081967213 0.29405737704918034 0.052766393442622954 0.05609631147540984
0 0.6493340163934426 0.2958504098360656 0.050204918032786885 0.06582991803278689
0 0.6447233606557377 0.35040983606557374 0.06557377049180328 0.05353483606557377
0 0.6285860655737705 0.3862704918032787 0.05430327868852459 0.038165983606557374
0 0.532530737704918 0.3327356557377049 0.045081967213114756 0.057633196721311473
0 0.17008196721311475 0.09784836065573771 0.0548155737704918 0.04533811475409836
0 0.13370901639344263 0.7333504098360656 0.041239754098360656 0.05199795081967213
0 0.13780737704918034 0.6777663934426229 0.052510245901639344 0.04175204918032787
0 0.15343237704918034 0.6452356557377049 0.04431352459016393 0.07146516393442623
0 0.18417008196721313 0.7994364754098361 0.0350922131147541 0.06890368852459017
0 0.2346311475409836 0.7858606557377049 0.06019467213114754 0.054047131147540985
0 0.25973360655737704 0.7215676229508197 0.05046106557377049 0.030225409836065573
0 0.4021516393442623 0.3947233606557377 0.041239754098360656 0.09631147540983606
0 0.36910860655737704 0.37986680327868855 0.03944672131147541 0.08888319672131148
0 0.12628073770491804 0.4961577868852459 0.054047131147540985 0.0427766393442623
0 0.22156762295081966 0.6129610655737705 0.045081967213114756 0.07556352459016394
0 0.20594262295081966 0.5594262295081968 0.06403688524590163 0.04789959016393443
0 0.2938012295081967 0.5724897540983607 0.039702868852459015 0.08837090163934426
0 0.2300204918032787 0.5117827868852459 0.037141393442622954 0.10706967213114754
0 0.15906762295081966 0.15804303278688525 0.031762295081967214 0.051485655737704916
0 0.12704918032786885 0.14293032786885246 0.0350922131147541 0.038165983606557374
0 0.1011782786885246 0.12167008196721311 0.0350922131147541 0.048924180327868855
0 0.1255122950819672 0.18237704918032788 0.03406762295081967 0.06429303278688525
0 0.1442110655737705 0.234375 0.050204918032786885 0.0509733606557377
0 0.1011782786885246 0.17674180327868852 0.028432377049180328 0.05199795081967213
0 0.07530737704918032 0.14600409836065573 0.03355532786885246 0.04943647540983607
0 0.07479508196721311 0.1864754098360656 0.04175204918032787 0.03560450819672131
0 0.09170081967213115 0.22694672131147542 0.03278688524590164 0.05353483606557377
0 0.06941598360655737 0.28201844262295084 0.03944672131147541 0.06787909836065574
0 0.06121926229508197 0.2661372950819672 0.03637295081967213 0.0509733606557377
0 0.10297131147540983 0.3573258196721312 0.04559426229508197 0.06429303278688525
0 0.14754098360655737 0.3573258196721312 0.0466188524590164 0.048924180327868855
0 0.1910860655737705 0.27049180327868855 0.04328893442622951 0.060706967213114756
0 0.2671618852459016 0.2190061475409836 0.038165983606557374 0.06941598360655737
0 0.3296618852459016 0.2192622950819672 0.041239754098360656 0.06787909836065574
0 0.2943135245901639 0.20619877049180327 0.037141393442622954 0.06480532786885246
0 0.32223360655737704 0.2635758196721312 0.044825819672131145 0.05712090163934426
0 0.3473360655737705 0.2886782786885246 0.05584016393442623 0.0699282786885246
0 0.2026127049180328 0.3563012295081967 0.04431352459016393 0.07248975409836066
0 0.23719262295081966 0.29713114754098363 0.0350922131147541 0.08478483606557377
0 0.2848360655737705 0.34503073770491804 0.052510245901639344 0.0704405737704918
0 0.2761270491803279 0.2776639344262295 0.05046106557377049 0.0350922131147541
0 0.32991803278688525 0.7082479508196722 0.07325819672131148 0.0586577868852459
0 0.3516905737704918 0.6708504098360656 0.0389344262295082 0.08119877049180328
0 0.38934426229508196 0.6495901639344263 0.04047131147540984 0.08837090163934426
0 0.4449282786885246 0.670594262295082 0.06531762295081968 0.04789959016393443
0 0.4613217213114754 0.7028688524590164 0.05199795081967213 0.0509733606557377
0 0.47848360655737704 0.7476946721311475 0.056608606557377046 0.048924180327868855
0 0.45901639344262296 0.7861168032786885 0.06403688524590163 0.046362704918032786
0 0.42315573770491804 0.8109631147540983 0.041239754098360656 0.03765368852459016
0 0.45235655737704916 0.8393954918032787 0.0466188524590164 0.07505122950819672
0 0.3598872950819672 0.8025102459016393 0.02920081967213115 0.0627561475409836
0 0.33452868852459017 0.7758709016393442 0.04559426229508197 0.03560450819672131