0 0.6214139344262295 0.3703893442622951 0.05622438524590164 0.050268954918032786
0 0.6600922131147541 0.41956967213114754 0.04962858606557377 0.08907530737704918
0 0.6457479508196722 0.3452868852459016 0.03951075819672131 0.06563780737704918
0 0.639344262295082 0.27561475409836067 0.0584656762295082 0.04924436475409836
0 0.6221823770491803 0.22848360655737704 0.03951075819672131 0.06563780737704918
0 0.5919569672131147 0.1723872950819672 0.045081967213114756 0.0588498975409836
0 0.7661372950819673 0.546875 0.05584016393442623 0.053726946721311473
0 0.8222336065573771 0.5448258196721312 0.040023053278688527 0.07012038934426229
0 0.8002049180327869 0.5668545081967213 0.04521004098360656 0.05782530737704918
0 0.8078893442622951 0.47873975409836067 0.060386782786885244 0.04463370901639344
0 0.8588627049180327 0.42853483606557374 0.035860655737704916 0.08036629098360656
0 0.7205430327868853 0.640625 0.05430327868852459 0.05590420081967213
0 0.686219262295082 0.6933913934426229 0.05692879098360656 0.06089907786885246
0 0.626280737704918 0.6454918032786885 0.06096311475409836 0.051293545081967214
0 0.7556352459016393 0.7177254098360656 0.04008709016393443 0.03477202868852459
0 0.6890368852459017 0.7840676229508197 0.040023053278688527 0.0547515368852459
0 0.6741803278688525 0.8393954918032787 0.0349001024590164 0.07626793032786885
0 0.6219262295081968 0.819672131147541 0.0390625 0.0737064549180328
0 0.579405737704918 0.8939549180327869 0.050268954918032786 0.08203125
0 0.9098360655737705 0.9841188524590164 0.031826331967213115 0.030737704918032786
0 0.9825819672131147 0.9477459016393442 0.026703381147540985 0.04809170081967213
0 0.9754098360655737 0.8603995901639344 0.03790983606557377 0.04155993852459016
0 0.8258196721311475 0.875 0.03682120901639344 0.060514856557377046
0 0.8199282786885246 0.8309426229508197 0.033299180327868855 0.05219006147540984
0 0.8017418032786885 0.8025102459016393 0.04924436475409836 0.07626793032786885
0 0.8555327868852459 0.7815061475409836 0.02856045081967213 0.07319415983606557
0 0.9001024590163934 0.8009733606557377 0.05212602459016393 0.0506531762295082
0 0.8826844262295082 0.7464139344262295 0.030737704918032786 0.07690829918032786
0 0.9203381147540983 0.7602459016393442 0.02971311475409836 0.056416495901639344
0 0.9451844262295082 0.7758709016393442 0.025742827868852458 0.07127305327868852
0 0.9782274590163934 0.7517930327868853 0.04143186475409836 0.03643698770491803
0 0.9052254098360656 0.6828893442622951 0.042008196721311473 0.04911629098360656
0 0.8583504098360656 0.6498463114754098 0.04155993852459016 0.06512551229508197
0 0.873719262295082 0.6488217213114754 0.027663934426229508 0.08049436475409837
0 0.8980532786885246 0.6290983606557377 0.020491803278688523 0.05334272540983607
0 0.9126536885245902 0.6337090163934426 0.01799436475409836 0.04412141393442623
0 0.9410860655737705 0.6511270491803278 0.03983094262295082 0.05436731557377049
0 0.9659323770491803 0.6260245901639344 0.03278688524590164 0.06563780737704918
0 0.9815573770491803 0.6157786885245902 0.029777151639344263 0.05744108606557377
0 0.7692110655737705 0.34605532786885246 0.06096311475409836 0.04565829918032787
0 0.7925204918032787 0.35911885245901637 0.04296875 0.051293545081967214
0 0.7402663934426229 0.2863729508196721 0.05238217213114754 0.0470671106557377
0 0.7015881147540983 0.2543545081967213 0.057953381147540985 0.04975665983606557
0 0.6944159836065574 0.21157786885245902 0.04962858606557377 0.04399334016393443
0 0.673155737704918 0.17776639344262296 0.0429047131147541 0.05936219262295082
0 0.6585553278688525 0.14830942622950818 0.04252049180327869 0.0548796106557377
0 0.8903688524590164 0.3675717213114754 0.040983606557377046 0.05590420081967213
0 0.8670594262295082 0.2999487704918033 0.02817622950819672 0.051677766393442626
0 0.8242827868852459 0.2938012295081967 0.03778176229508197 0.052702356557377046
0 0.8250512295081968 0.22745901639344263 0.03278688524590164 0.06768698770491803
0 0.7989241803278688 0.20184426229508196 0.04155993852459016 0.04194415983606557
0 0.9413422131147541 0.32146516393442626 0.038486168032786885 0.03938268442622951
0 0.9628586065573771 0.37576844262295084 0.03944672131147541 0.043609118852459015
0 0.970030737704918 0.3081454918032787 0.03432377049180328 0.03938268442622951
0 0.9761782786885246 0.35015368852459017 0.03233862704918033 0.04565829918032787
0 0.9026639344262295 0.24359631147540983 0.02971311475409836 0.06102715163934426
0 0.5589139344262295 0.12064549180327869 0.03790983606557377 0.07332223360655737
0 0.6004098360655737 0.03944672131147541 0.03989497950819672 0.050140881147540985
0 0.6349897540983607 0.005379098360655738 0.02920081967213115 0.010758196721311475
0 0.5356045081967213 0.15829918032786885 0.04155993852459016 0.07063268442622951
0 0.7074795081967213 0.060450819672131145 0.03598872950819672 0.060386782786885244
0 0.7443647540983607 0.05199795081967213 0.042008196721311473 0.04450563524590164
0 0.7105532786885246 0.012038934426229508 0.04213627049180328 0.024077868852459015
0 0.7479508196721312 0.020491803278688523 0.03381147540983607 0.040983606557377046
0 0.5130635245901639 0.10015368852459017 0.03637295081967213 0.05590420081967213
0 0.49923155737704916 0.05327868852459016 0.03790983606557377 0.05219006147540984
0 0.41598360655737704 0.008452868852459017 0.04296875 0.016905737704918034
0 0.3896004098360656 0.06173155737704918 0.04040727459016393 0.06397284836065574
0 0.4574795081967213 0.06557377049180328 0.05212602459016393 0.045017930327868855
0 0.4802766393442623 0.08965163934426229 0.0471311475409836 0.0583376024590164
0 0.4984631147540984 0.12141393442622951 0.036949282786885244 0.0430968237704918
0 0.4918032786885246 0.16726434426229508 0.05750512295081967 0.053726946721311473
0 0.4723360655737705 0.20773565573770492 0.041047643442622954 0.07319415983606557
0 0.42213114754098363 0.18570696721311475 0.0390625 0.07216956967213115
0 0.4961577868852459 0.29559426229508196 0.04405737704918033 0.07985399590163934
0 0.8529713114754098 0.08913934426229508 0.035796618852459015 0.06141137295081967
0 0.8855020491803278 0.1168032786885246 0.030737704918032786 0.059490266393442626
0 0.9180327868852459 0.09195696721311475 0.0389344262295082 0.05782530737704918
0 0.8934426229508197 0.019723360655737706 0.03278688524590164 0.03944672131147541
0 0.9754098360655737 0.027920081967213115 0.025678790983606557 0.03438780737704918
0 0.9574795081967213 0.00819672131147541 0.02459016393442623 0.01639344262295082
0 0.9293032786885246 0.16239754098360656 0.035860655737704916 0.0583376024590164
0 0.9249487704918032 0.18237704918032788 0.04143186475409836 0.04399334016393443
0 0.9574795081967213 0.24436475409836064 0.026703381147540985 0.06256403688524591
0 0.9741290983606558 0.22925204918032788 0.02459016393442623 0.04770747950819672
0 0.9894979508196722 0.26383196721311475 0.019979508196721313 0.04412141393442623
0 0.9559426229508197 0.18903688524590165 0.028624487704918034 0.04399334016393443
0 0.9818135245901639 0.21337090163934427 0.025166495901639344 0.05782530737704918
0 0.40701844262295084 0.24718237704918034 0.0354123975409836 0.07537141393442623
0 0.40087090163934425 0.34554303278688525 0.043481045081967214 0.07742059426229508
0 0.37730532786885246 0.25025614754098363 0.0354123975409836 0.08664190573770492
0 0.2459016393442623 0.07453893442622951 0.0349001024590164 0.06807120901639344
0 0.3417008196721312 0.23898565573770492 0.04911629098360656 0.05078125
0 0.19800204918032788 0.30302254098360654 0.03790983606557377 0.04553022540983607
0 0.2943135245901639 0.24103483606557377 0.04463370901639344 0.06205174180327869
0 0.20491803278688525 0.1867315573770492 0.05750512295081967 0.04143186475409836
0 0.2346311475409836 0.2333504098360656 0.03790983606557377 0.07639600409836066
0 0.3442622950819672 0.26639344262295084 0.03797387295081967 0.05334272540983607
0 0.3086577868852459 0.28355532786885246 0.0354123975409836 0.07934170081967214
0 0.06403688524590163 0.34144467213114754 0.03483606557377049 0.02971311475409836
0 0.019723360655737706 0.36424180327868855 0.027663934426229508 0.059490266393442626
0 0.005379098360655738 0.35450819672131145 0.010758196721311475 0.0389984631147541
0 0.042008196721311473 0.4723360655737705 0.0388703893442623 0.04924436475409836
0 0.16470286885245902 0.25614754098360654 0.05078125 0.04412141393442623
0 0.1408811475409836 0.2832991803278688 0.045978483606557374 0.05116547131147541
0 0.10578893442622951 0.28611680327868855 0.03125 0.0506531762295082
0 0.14344262295081966 0.20645491803278687 0.03682120901639344 0.055263831967213115
0 0.12295081967213115 0.5435450819672131 0.0471311475409836 0.055263831967213115
0 0.18417008196721313 0.5996413934426229 0.04047131147540984 0.07127305327868852
0 0.10502049180327869 0.6142418032786885 0.03983094262295082 0.0666623975409836
0 0.1447233606557377 0.6621413934426229 0.0354123975409836 0.06704661885245902
0 0.1088627049180328 0.6588114754098361 0.04405737704918033 0.04809170081967213
0 0.13089139344262296 0.7015881147540983 0.05385502049180328 0.042456454918032786
0 0.22771516393442623 0.6611168032786885 0.06000256147540984 0.047579405737704916
0 0.13831967213114754 0.7620389344262295 0.055263831967213115 0.04258452868852459
0 0.1708504098360656 0.05122950819672131 0.043481045081967214 0.06141137295081967
0 0.004610655737704918 0.5332991803278688 0.009221311475409836 0.0471311475409836
0 0.02382172131147541 0.6150102459016393 0.031762295081967214 0.0466828893442623
0 0.04815573770491803 0.6396004098360656 0.0429047131147541 0.043609118852459015
0 0.015881147540983607 0.9695184426229508 0.025742827868852458 0.04258452868852459
0 0.078125 0.9054815573770492 0.038358094262295084 0.0743468237704918
0 0.08324795081967214 0.7991803278688525 0.040983606557377046 0.06550973360655737
0 0.0545594262295082 0.7622950819672131 0.033363217213114756 0.055391905737704916
0 0.04252049180327869 0.7756147540983607 0.03374743852459016 0.07485911885245902
0 0.007940573770491803 0.7535860655737705 0.015881147540983607 0.046170594262295084
0 0.2353995901639344 0.7879098360655737 0.04252049180327869 0.07575563524590163
0 0.2858606557377049 0.8045594262295082 0.04521004098360656 0.06397284836065574
0 0.2797131147540984 0.7489754098360656 0.0471311475409836 0.08510502049180328
0 0.3355532786885246 0.774077868852459 0.04405737704918033 0.030737704918032786
0 0.3550204918032787 0.8025102459016393 0.03483606557377049 0.06499743852459017
0 0.3837090163934426 0.8652663934426229 0.056416495901639344 0.06358862704918032
0 0.4462090163934426 0.7894467213114754 0.050076844262295084 0.050140881147540985
0 0.33376024590163933 0.7036372950819673 0.05942622950819672 0.0588498975409836
0 0.3457991803278688 0.6680327868852459 0.056416495901639344 0.07882940573770492
0 0.45645491803278687 0.7177254098360656 0.060386782786885244 0.05423924180327869
0 0.44415983606557374 0.6693135245901639 0.06858350409836066 0.0506531762295082
0 0.4175204918032787 0.6513831967213115 0.05231813524590164 0.07844518442622951
0 0.40496926229508196 0.5701844262295082 0.04040727459016393 0.04809170081967213
0 0.44339139344262296 0.569672131147541 0.0471311475409836 0.050140881147540985
0 0.1168032786885246 0.22976434426229508 0.03387551229508197 0.0661501024590164
0 0.10502049180327869 0.19364754098360656 0.04809170081967213 0.0470671106557377
0 0.10271516393442623 0.06173155737704918 0.028240266393442622 0.04655481557377049
0 0.13396516393442623 0.06941598360655737 0.033299180327868855 0.07319415983606557
0 0.09656762295081968 0.012807377049180328 0.02817622950819672 0.025614754098360656
0 0.0545594262295082 0.007940573770491803 0.02817622950819672 0.015881147540983607
0 0.09093237704918032 0.1091188524590164 0.02817622950819672 0.061539446721311473
0 0.07377049180327869 0.08427254098360656 0.029777151639344263 0.06089907786885246
0 0.12115778688524591 0.14856557377049182 0.03790983606557377 0.04821977459016393
0 0.07633196721311475 0.16214139344262296 0.045978483606557374 0.056800717213114756
0 0.13908811475409835 0.10066598360655737 0.03278688524590164 0.052830430327868855
0 0.15112704918032788 0.12961065573770492 0.04412141393442623 0.04412141393442623
0 0.16854508196721313 0.10604508196721311 0.030737704918032786 0.0430968237704918
0 0.04328893442622951 0.09093237704918032 0.03739754098360656 0.051677766393442626
0 0.0586577868852459 0.13217213114754098 0.028240266393442622 0.059490266393442626
0 0.0466188524590164 0.1728995901639344 0.025742827868852458 0.06089907786885246
0 0.031762295081967214 0.13319672131147542 0.03387551229508197 0.04412141393442623
0 0.016137295081967214 0.18878073770491804 0.032210553278688527 0.06807120901639344
0 0.07633196721311475 0.2510245901639344 0.045978483606557374 0.046170594262295084
0 0.04328893442622951 0.23898565573770492 0.02459016393442623 0.0313140368852459