0 0.6624 0.6602 0.0509 0.0571
0 0.5856 0.6618 0.0525 0.0694
0 0.5615 0.6862 0.0498 0.0556
0 0.5245 0.6896 0.0397 0.0808
0 0.5613 0.7554 0.0532 0.0643
0 0.5814 0.7991 0.0648 0.0437
0 0.6144 0.8218 0.0367 0.0808
0 0.6750 0.9030 0.0459 0.0530
0 0.7263 0.8120 0.0490 0.0437
0 0.6865 0.8009 0.0413 0.0473
0 0.6831 0.7554 0.0637 0.0458
0 0.6956 0.7073 0.0324 0.0638
0 0.3438 0.2431 0.0478 0.0633
0 0.3505 0.3771 0.0367 0.0864
0 0.4242 0.4228 0.0667 0.0473
0 0.4091 0.5041 0.0536 0.0679
0 0.4288 0.6235 0.0459 0.0679
0 0.3883 0.6260 0.0397 0.0926
0 0.3414 0.6821 0.0448 0.0885
0 0.2865 0.5244 0.0421 0.0725
0 0.2369 0.5368 0.0548 0.0509
0 0.2643 0.5782 0.0625 0.0494
0 0.3194 0.7276 0.0617 0.0262
0 0.3366 0.7850 0.0467 0.0473
0 0.4232 0.8593 0.0671 0.0561
0 0.3800 0.8207 0.0301 0.0530
0 0.4091 0.8241 0.0320 0.0566
0 0.4414 0.8022 0.0556 0.0509
0 0.4973 0.7968 0.0409 0.0679
0 0.4639 0.7305 0.0613 0.0298
0 0.4566 0.7819 0.0691 0.0381
0 0.4437 0.3045 0.0378 0.0813
0 0.4994 0.3488 0.0405 0.0761
0 0.5069 0.2636 0.0417 0.0592
0 0.2216 0.6283 0.0351 0.0797
0 0.1900 0.6227 0.0367 0.0725
0 0.1470 0.5867 0.0509 0.0520
0 0.1605 0.6332 0.0316 0.0453
0 0.1454 0.6572 0.0478 0.0478
0 0.1227 0.7037 0.0463 0.0391
0 0.1181 0.7572 0.0509 0.0432
0 0.1752 0.8094 0.0293 0.0705
0 0.1389 0.8621 0.0478 0.0638
0 0.2002 0.8480 0.0471 0.0581
0 0.2224 0.7953 0.0444 0.0730
0 0.2463 0.7739 0.0629 0.0499
0 0.2442 0.7276 0.0517 0.0170
0 0.0515 0.6384 0.0382 0.0617
0 0.0422 0.7672 0.0367 0.0633
0 0.0197 0.7649 0.0247 0.0710
0 0.0318 0.8984 0.0413 0.0520
0 0.0463 0.8778 0.0486 0.0499
0 0.0380 0.9568 0.0421 0.0422
0 0.0810 0.9882 0.0409 0.0237
0 0.0343 0.9879 0.0455 0.0242
0 0.1995 0.1826 0.0540 0.0484
0 0.0465 0.3632 0.0467 0.0597
0 0.0787 0.3467 0.0301 0.0391
0 0.1420 0.3030 0.0409 0.0730
0 0.0959 0.2572 0.0421 0.0545
0 0.0822 0.2034 0.0417 0.0509
0 0.0488 0.2130 0.0282 0.0648
0 0.0282 0.1777 0.0417 0.0478
0 0.0604 0.1350 0.0282 0.0571
0 0.0395 0.1088 0.0336 0.0540
0 0.0885 0.0144 0.0451 0.0288
0 0.1991 0.0931 0.0455 0.0484
0 0.1709 0.0802 0.0494 0.0586
0 0.4969 0.1636 0.0448 0.0628
0 0.4576 0.1481 0.0370 0.0710
0 0.4356 0.1656 0.0394 0.0730
0 0.4450 0.0959 0.0444 0.0540
0 0.5500 0.2472 0.0505 0.0550
0 0.5841 0.1726 0.0417 0.0684
0 0.6298 0.1942 0.0382 0.0602
0 0.6142 0.1124 0.0586 0.0530
0 0.6200 0.3709 0.0478 0.0514
0 0.6375 0.3354 0.0405 0.0494
0 0.6017 0.3377 0.0374 0.0540
0 0.5579 0.2966 0.0432 0.0509
0 0.6202 0.2539 0.0675 0.0746
0 0.6416 0.2431 0.0648 0.0406
0 0.6883 0.0687 0.0409 0.0653
0 0.6852 0.0224 0.0440 0.0365
0 0.6453 0.0525 0.0328 0.0628
0 0.6360 0.0147 0.0397 0.0293
0 0.7162 0.3557 0.0544 0.0592
0 0.7521 0.3827 0.0575 0.0597
0 0.7589 0.3128 0.0409 0.0504
0 0.7226 0.2858 0.0448 0.0448
0 0.7542 0.2353 0.0394 0.0664
0 0.8289 0.2930 0.0397 0.0448
0 0.8395 0.3840 0.0509 0.0694
0 0.8679 0.5378 0.0521 0.0540
0 0.9062 0.5203 0.0309 0.0694
0 0.9201 0.5723 0.0509 0.0427
0 0.8991 0.3861 0.0490 0.0633
0 0.7899 0.6489 0.0544 0.0530
0 0.8318 0.6469 0.0324 0.0653
0 0.8827 0.6613 0.0424 0.0581
0 0.9257 0.6458 0.0374 0.0766
0 0.9452 0.6664 0.0370 0.0376
0 0.9574 0.6322 0.0282 0.0669
0 0.9753 0.6242 0.0224 0.0715
0 0.9909 0.6294 0.0181 0.0684
0 0.8167 0.8117 0.0324 0.0782
0 0.8501 0.7819 0.0374 0.0720
0 0.8557 0.8356 0.0301 0.0643
0 0.9080 0.7904 0.0289 0.0715
0 0.9012 0.3092 0.0417 0.0463
0 0.9888 0.7397 0.0224 0.0412
0 0.9747 0.7613 0.0204 0.0566
0 0.9589 0.7639 0.0197 0.0597
0 0.9354 0.7423 0.0343 0.0329
0 0.9421 0.7595 0.0309 0.0694
0 0.9446 0.8120 0.0289 0.0376
0 0.7618 0.9938 0.0150 0.0123
0 0.8092 0.9884 0.0382 0.0231
0 0.8497 0.9902 0.0336 0.0195
0 0.9302 0.9740 0.0270 0.0520
0 0.8590 0.2539 0.0367 0.0468
0 0.8563 0.2101 0.0397 0.0509
0 0.8248 0.1193 0.0285 0.0710
0 0.8534 0.0926 0.0309 0.0607
0 0.8798 0.0741 0.0374 0.0473
0 0.8839 0.1160 0.0316 0.0499
0 0.9103 0.0394 0.0258 0.0376
0 0.9390 0.0900 0.0463 0.0360
0 0.9188 0.1543 0.0343 0.0453
0 0.9616 0.1811 0.0266 0.0545
0 0.9705 0.2299 0.0382 0.0422
0 0.9257 0.2400 0.0475 0.0396
0 0.9624 0.2662 0.0351 0.0540
0 0.9896 0.2999 0.0208 0.0432
0 0.9884 0.3349 0.0231 0.0257
0 0.9606 0.3197 0.0316 0.0478
0 0.9456 0.3660 0.0471 0.0396
0 0.9331 0.3225 0.0235 0.0298
