0 0.3833 0.4563 0.0814 0.0586
0 0.4103 0.6512 0.0567 0.0473
0 0.3638 0.6541 0.0455 0.0756
0 0.4568 0.6798 0.0640 0.0643
0 0.5147 0.7114 0.0386 0.0638
0 0.3430 0.6780 0.0610 0.0628
0 0.3274 0.7207 0.0683 0.0401
0 0.4709 0.7883 0.0428 0.0499
0 0.3370 0.7731 0.0444 0.0309
0 0.3513 0.3246 0.0567 0.0370
0 0.5345 0.6165 0.0428 0.0890
0 0.4198 0.8179 0.0309 0.0813
0 0.3792 0.8174 0.0502 0.0442
0 0.3486 0.8068 0.0374 0.0376
0 0.2836 0.8022 0.0455 0.0612
0 0.2411 0.7865 0.0502 0.0751
0 0.2095 0.7981 0.0401 0.0622
0 0.1667 0.7855 0.0278 0.0730
0 0.1418 0.7683 0.0312 0.0550
0 0.2562 0.7112 0.0386 0.0509
0 0.2481 0.6739 0.0517 0.0504
0 0.1339 0.6824 0.0532 0.0448
0 0.2035 0.6440 0.0444 0.0617
0 0.1698 0.6350 0.0355 0.0561
0 0.2346 0.5856 0.0455 0.0818
0 0.1427 0.5664 0.0448 0.0689
0 0.5621 0.7796 0.0679 0.0345
0 0.1354 0.8585 0.0432 0.0638
0 0.1377 0.3534 0.0525 0.0484
0 0.1564 0.3848 0.0598 0.0484
0 0.0853 0.5327 0.0471 0.0746
0 0.0068 0.5777 0.0135 0.0432
0 0.0426 0.6091 0.0312 0.0617
0 0.0613 0.6626 0.0455 0.0412
0 0.0768 0.9010 0.0409 0.0612
0 0.0230 0.9187 0.0282 0.0607
0 0.0239 0.9663 0.0363 0.0530
0 0.1067 0.9877 0.0397 0.0247
0 0.0334 0.7716 0.0289 0.0700
0 0.0123 0.7595 0.0247 0.0633
0 0.0737 0.7482 0.0432 0.0396
0 0.5488 0.9162 0.0405 0.0957
0 0.6404 0.9918 0.0332 0.0165
0 0.6653 0.7950 0.0529 0.0581
0 0.7124 0.8110 0.0490 0.0520
0 0.5858 0.6669 0.0529 0.0581
0 0.6956 0.6245 0.0532 0.0494
0 0.6786 0.6824 0.0370 0.0828
0 0.6159 0.6420 0.0397 0.0885
0 0.7346 0.6677 0.0370 0.0700
0 0.7710 0.6991 0.0559 0.0422
0 0.7861 0.6641 0.0451 0.0504
0 0.7591 0.5738 0.0544 0.0540
0 0.7733 0.7454 0.0475 0.0422
0 0.5833 0.4365 0.0440 0.0828
0 0.6240 0.4380 0.0428 0.0736
0 0.8306 0.7917 0.0432 0.0720
0 0.8661 0.8004 0.0455 0.0586
0 0.8748 0.7479 0.0444 0.0257
0 0.8208 0.6157 0.0312 0.0751
0 0.8461 0.6379 0.0309 0.0535
0 0.8798 0.6572 0.0351 0.0694
0 0.7921 0.9769 0.0432 0.0463
0 0.8586 0.9874 0.0266 0.0252
0 0.8746 0.9573 0.0293 0.0473
0 0.8891 0.9877 0.0312 0.0247
0 0.9161 0.9784 0.0336 0.0432
0 0.9751 0.9097 0.0235 0.0376
0 0.8843 0.8773 0.0478 0.0468
0 0.9738 0.8585 0.0394 0.0370
0 0.9117 0.8066 0.0448 0.0484
0 0.9030 0.6047 0.0328 0.0633
0 0.9724 0.6289 0.0282 0.0736
0 0.9904 0.6340 0.0193 0.0478
0 0.9404 0.6528 0.0405 0.0545
0 0.9342 0.6914 0.0436 0.0453
0 0.9034 0.7451 0.0297 0.0684
0 0.9356 0.7492 0.0324 0.0499
0 0.9794 0.7611 0.0367 0.0622
0 0.9493 0.7706 0.0297 0.0700
0 0.9498 0.8192 0.0255 0.0478
0 0.9653 0.7937 0.0177 0.0432
0 0.8947 0.4594 0.0424 0.0617
0 0.6235 0.3768 0.0548 0.0499
0 0.6669 0.3421 0.0374 0.0566
0 0.9686 0.3807 0.0390 0.0473
0 0.6815 0.2827 0.0613 0.0417
0 0.6088 0.2672 0.0417 0.0592
0 0.5583 0.2955 0.0440 0.0766
0 0.5500 0.2472 0.0544 0.0448
0 0.5841 0.2060 0.0409 0.0725
0 0.5411 0.1942 0.0351 0.0684
0 0.5459 0.1515 0.0594 0.0499
0 0.5064 0.1818 0.0428 0.0694
0 0.3519 0.2721 0.0579 0.0442
0 0.2442 0.3002 0.0702 0.0530
0 0.2990 0.2559 0.0386 0.0777
0 0.3360 0.2328 0.0448 0.0581
0 0.4471 0.1888 0.0394 0.0658
0 0.4769 0.2009 0.0347 0.0890
0 0.6580 0.1986 0.0351 0.0720
0 0.6906 0.2137 0.0417 0.0756
0 0.7211 0.2271 0.0293 0.0725
0 0.7635 0.2467 0.0532 0.0520
0 0.8077 0.2698 0.0490 0.0458
0 0.7942 0.2184 0.0444 0.0571
0 0.8287 0.2238 0.0324 0.0556
0 0.6557 0.1322 0.0312 0.0628
0 0.6896 0.1345 0.0405 0.0520
0 0.6254 0.1142 0.0340 0.0782
0 0.5959 0.0358 0.0367 0.0622
0 0.6877 0.0563 0.0428 0.0602
0 0.7243 0.0890 0.0359 0.0710
0 0.6973 0.0224 0.0521 0.0427
0 0.7342 0.0556 0.0448 0.0545
0 0.7843 0.0880 0.0347 0.0679
0 0.5222 0.0944 0.0382 0.0571
0 0.5561 0.1011 0.0351 0.0643
0 0.4880 0.0862 0.0378 0.0633
0 0.5054 0.0527 0.0494 0.0530
0 0.4198 0.0085 0.0448 0.0170
0 0.2326 0.0509 0.0363 0.0514
0 0.2828 0.0188 0.0401 0.0376
0 0.1927 0.1646 0.0382 0.0617
0 0.8939 0.0177 0.0285 0.0355
0 0.9724 0.0507 0.0220 0.0355
0 0.9485 0.0105 0.0204 0.0211
0 0.8897 0.0620 0.0409 0.0520
0 0.8696 0.0682 0.0332 0.0612
0 0.8515 0.0949 0.0340 0.0684
0 0.9236 0.1080 0.0270 0.0576
0 0.0936 0.2906 0.0428 0.0473
0 0.0453 0.2945 0.0405 0.0530
0 0.0745 0.2575 0.0401 0.0612
0 0.1034 0.2065 0.0478 0.0550
0 0.1474 0.2299 0.0432 0.0473
0 0.1485 0.2801 0.0471 0.0550
0 0.1688 0.2852 0.0567 0.0427
0 0.1387 0.0548 0.0351 0.0561
0 0.1665 0.0643 0.0444 0.0432
0 0.1196 0.1055 0.0494 0.0432
0 0.9317 0.2803 0.0270 0.0586
0 0.0893 0.1654 0.0343 0.0478
0 0.0968 0.1111 0.0270 0.0648
0 0.1011 0.0658 0.0293 0.0401
0 0.0461 0.1777 0.0282 0.0520
0 0.0992 0.0239 0.0432 0.0478
0 0.0799 0.0067 0.0270 0.0134
0 0.0511 0.1052 0.0243 0.0427
0 0.0691 0.1121 0.0340 0.0545
0 0.0203 0.0352 0.0251 0.0355
0 0.0046 0.0437 0.0093 0.0319
0 0.0096 0.1875 0.0193 0.0396
0 0.0268 0.1422 0.0336 0.0499
0 0.0403 0.1492 0.0390 0.0442
0 0.0629 0.1574 0.0278 0.0350
0 0.9431 0.3236 0.0413 0.0329
0 0.9718 0.3117 0.0293 0.0638
0 0.9934 0.3081 0.0131 0.0473
0 0.9747 0.2719 0.0212 0.0489
0 0.9861 0.2487 0.0270 0.0530
0 0.9894 0.2168 0.0212 0.0417
0 0.9554 0.1875 0.0359 0.0581
0 0.9263 0.2197 0.0463 0.0422
0 0.8856 0.1854 0.0428 0.0509
0 0.9211 0.1883 0.0405 0.0422
0 0.9068 0.1188 0.0343 0.0298
0 0.9010 0.1517 0.0328 0.0360
0 0.9261 0.1481 0.0297 0.0494
0 0.8922 0.3099 0.0336 0.0406
0 0.8941 0.3459 0.0444 0.0190
