0 0.7404 0.0499 0.0486 0.0422
0 0.5926 0.0242 0.0417 0.0484
0 0.6516 0.0216 0.0355 0.0432
0 0.6638 0.0576 0.0413 0.0648
0 0.8563 0.0905 0.0413 0.0617
0 0.8837 0.1078 0.0274 0.0633
0 0.9342 0.1361 0.0289 0.0499
0 0.9062 0.0111 0.0231 0.0221
0 0.9520 0.1865 0.0421 0.0427
0 0.4408 0.5442 0.0552 0.0638
0 0.1869 0.5805 0.0575 0.0520
0 0.5831 0.3549 0.0436 0.0833
0 0.6246 0.3709 0.0494 0.0473
0 0.6508 0.3338 0.0602 0.0514
0 0.6109 0.2688 0.0475 0.0509
0 0.7280 0.4532 0.0509 0.0761
0 0.7157 0.2731 0.0494 0.0628
0 0.6811 0.2672 0.0359 0.0664
0 0.6516 0.2451 0.0455 0.0643
0 0.6752 0.1924 0.0448 0.0525
0 0.6161 0.2194 0.0424 0.0509
0 0.6163 0.1818 0.0575 0.0489
0 0.4165 0.0095 0.0428 0.0190
0 0.5012 0.0856 0.0448 0.0612
0 0.5201 0.1592 0.0417 0.0777
0 0.4786 0.1505 0.0552 0.0520
0 0.4730 0.1088 0.0424 0.0571
0 0.4421 0.0936 0.0502 0.0453
0 0.4290 0.1731 0.0432 0.0705
0 0.4236 0.2389 0.0625 0.0499
0 0.4334 0.2688 0.0637 0.0417
0 0.4483 0.3380 0.0494 0.0720
0 0.3891 0.3272 0.0544 0.0484
0 0.3233 0.3290 0.0517 0.0499
0 0.2921 0.2752 0.0540 0.0391
0 0.2292 0.2819 0.0610 0.0319
0 0.2035 0.3444 0.0390 0.0602
0 0.1636 0.3465 0.0532 0.0612
0 0.2772 0.3508 0.0490 0.0864
0 0.1125 0.3552 0.0467 0.0581
0 0.0048 0.3660 0.0096 0.0334
0 0.0432 0.3701 0.0432 0.0633
0 0.0569 0.3539 0.0475 0.0401
0 0.1591 0.2510 0.0459 0.0566
0 0.1933 0.1829 0.0517 0.0489
0 0.2317 0.1834 0.0328 0.0705
0 0.2498 0.0054 0.0220 0.0108
0 0.1757 0.0656 0.0552 0.0499
0 0.1319 0.0895 0.0363 0.0566
0 0.1036 0.1075 0.0282 0.0679
0 0.1264 0.0072 0.0312 0.0144
0 0.0978 0.0129 0.0258 0.0257
0 0.0573 0.3035 0.0521 0.0298
0 0.0656 0.2752 0.0378 0.0422
0 0.0930 0.5134 0.0517 0.0525
0 0.0648 0.4689 0.0309 0.0746
0 0.1074 0.2418 0.0475 0.0442
0 0.0988 0.2166 0.0309 0.0494
0 0.0750 0.1548 0.0436 0.0484
0 0.1161 0.1962 0.0463 0.0448
0 0.1090 0.1582 0.0444 0.0406
0 0.0241 0.1646 0.0274 0.0504
0 0.0376 0.1006 0.0397 0.0571
0 0.0503 0.1487 0.0328 0.0504
0 0.0482 0.1173 0.0378 0.0504
0 0.0131 0.6268 0.0262 0.0561
0 0.0403 0.6227 0.0297 0.0736
0 0.8536 0.2305 0.0312 0.0638
0 0.8727 0.2760 0.0301 0.0664
0 0.8889 0.2930 0.0285 0.0643
0 0.9209 0.2415 0.0278 0.0653
0 0.9122 0.2924 0.0258 0.0581
0 0.9022 0.2482 0.0297 0.0427
0 0.1416 0.6528 0.0502 0.0607
0 0.0725 0.6595 0.0324 0.0751
0 0.0968 0.6880 0.0340 0.0571
0 0.2544 0.6721 0.0598 0.0489
0 0.2573 0.7168 0.0486 0.0406
0 0.2442 0.7654 0.0548 0.0319
0 0.1939 0.8099 0.0390 0.0643
0 0.1476 0.7950 0.0421 0.0705
0 0.0810 0.7582 0.0316 0.0545
0 0.0050 0.7698 0.0100 0.0540
0 0.0231 0.7711 0.0239 0.0669
0 0.0482 0.7752 0.0301 0.0761
0 0.1298 0.9030 0.0351 0.0540
0 0.1053 0.9709 0.0370 0.0581
0 0.0758 0.9851 0.0266 0.0298
0 0.0125 0.9470 0.0251 0.0412
0 0.2180 0.9352 0.0718 0.0494
0 0.2253 0.9787 0.0347 0.0365
0 0.3050 0.8220 0.0413 0.0720
0 0.3256 0.7752 0.0478 0.0360
0 0.3281 0.7119 0.0567 0.0484
0 0.3578 0.8092 0.0359 0.0720
0 0.3846 0.8300 0.0340 0.0684
0 0.4709 0.8897 0.0652 0.0540
0 0.5189 0.9185 0.0394 0.0694
0 0.4676 0.7814 0.0455 0.0360
0 0.4680 0.7238 0.0702 0.0432
0 0.3528 0.6610 0.0351 0.0833
0 0.4140 0.6471 0.0463 0.0792
0 0.3791 0.6523 0.0343 0.0905
0 0.4450 0.6708 0.0444 0.0792
0 0.4707 0.6775 0.0370 0.0556
0 0.5702 0.8310 0.0571 0.0520
0 0.6466 0.8202 0.0332 0.0818
0 0.5588 0.7726 0.0374 0.0844
0 0.6671 0.7865 0.0417 0.0576
0 0.5747 0.6677 0.0590 0.0535
0 0.6073 0.6443 0.0448 0.0746
0 0.6568 0.6088 0.0606 0.0520
0 0.6703 0.6872 0.0475 0.0422
0 0.6923 0.7261 0.0320 0.0838
0 0.7344 0.8999 0.0536 0.0530
0 0.8395 0.3760 0.0579 0.0844
0 0.8713 0.4365 0.0336 0.0653
0 0.8941 0.3760 0.0397 0.0473
0 0.8576 0.6417 0.0440 0.0448
0 0.8694 0.6716 0.0490 0.0437
0 0.7242 0.7150 0.0378 0.0463
0 0.7396 0.6680 0.0502 0.0674
0 0.7710 0.6957 0.0621 0.0489
0 0.8050 0.6412 0.0367 0.0808
0 0.9062 0.9738 0.0347 0.0525
0 0.9568 0.9663 0.0370 0.0489
0 0.7687 0.8158 0.0382 0.0607
0 0.9834 0.9064 0.0332 0.0329
0 0.8152 0.8017 0.0525 0.0448
0 0.8721 0.7623 0.0467 0.0514
0 0.8412 0.7806 0.0397 0.0489
0 0.9010 0.7948 0.0367 0.0700
0 0.9533 0.7948 0.0293 0.0597
0 0.9437 0.3825 0.0363 0.0478
0 0.9913 0.7449 0.0174 0.0484
0 0.9678 0.7567 0.0282 0.0535
0 0.9406 0.7618 0.0347 0.0730
0 0.9288 0.7431 0.0374 0.0334
0 0.9327 0.6957 0.0436 0.0396
0 0.9416 0.6644 0.0405 0.0417
0 0.9533 0.6404 0.0324 0.0504
0 0.9853 0.6294 0.0293 0.0612
0 0.9248 0.6093 0.0332 0.0674
0 0.9672 0.5913 0.0293 0.0520
0 0.9888 0.5682 0.0224 0.0437
0 0.9838 0.5378 0.0324 0.0417
0 0.9923 0.4650 0.0147 0.0607
0 0.9826 0.2348 0.0201 0.0427
0 0.9605 0.2245 0.0282 0.0509
0 0.9707 0.2690 0.0278 0.0556
0 0.9913 0.2860 0.0174 0.0504
