0 0.6939 0.3539 0.0490 0.0741
0 0.6227 0.3760 0.0556 0.0504
0 0.5353 0.3501 0.0405 0.0746
0 0.7853 0.4267 0.0544 0.0561
0 0.8198 0.3567 0.0432 0.0530
0 0.8875 0.3696 0.0397 0.0437
0 0.9599 0.3935 0.0386 0.0617
0 0.9888 0.3904 0.0224 0.0514
0 0.4965 0.2621 0.0463 0.0622
0 0.4367 0.3508 0.0478 0.0782
0 0.3995 0.3009 0.0575 0.0648
0 0.3291 0.2299 0.0417 0.0802
0 0.2791 0.2937 0.0482 0.0545
0 0.9018 0.5206 0.0336 0.0813
0 0.5866 0.5602 0.0768 0.0484
0 0.4778 0.5198 0.0883 0.0736
0 0.1649 0.3457 0.0567 0.0514
0 0.4103 0.1821 0.0498 0.0607
0 0.2969 0.1042 0.0613 0.0406
0 0.5299 0.2001 0.0444 0.0679
0 0.8123 0.6361 0.0444 0.0828
0 0.8561 0.6402 0.0363 0.0797
0 0.8771 0.6803 0.0436 0.0437
0 0.7766 0.6952 0.0502 0.0530
0 0.9138 0.6664 0.0289 0.0746
0 0.9419 0.6798 0.0297 0.0365
0 0.9531 0.6463 0.0266 0.0643
0 0.9836 0.6263 0.0289 0.0664
0 0.9913 0.6350 0.0174 0.0530
0 0.6935 0.6968 0.0505 0.0478
0 0.6470 0.6404 0.0355 0.1008
0 0.6142 0.6394 0.0340 0.0947
0 0.5783 0.6618 0.0540 0.0571
0 0.5602 0.6944 0.0625 0.0514
0 0.5502 0.7325 0.0502 0.0278
0 0.4699 0.7240 0.0741 0.0437
0 0.4579 0.6849 0.0664 0.0478
0 0.1952 0.6193 0.0409 0.0679
0 0.2429 0.6752 0.0644 0.0622
0 0.2461 0.7364 0.0579 0.0602
0 0.2380 0.7783 0.0532 0.0586
0 0.2116 0.8020 0.0320 0.0823
0 0.1715 0.8081 0.0421 0.0689
0 0.3281 0.7245 0.0613 0.0355
0 0.3391 0.6924 0.0502 0.0700
0 0.3621 0.6533 0.0498 0.0792
0 0.4059 0.6376 0.0386 0.0705
0 0.4333 0.6505 0.0409 0.0890
0 0.1466 0.6530 0.0502 0.0530
0 0.3347 0.7829 0.0498 0.0463
0 0.3005 0.8356 0.0432 0.0684
0 0.1400 0.7631 0.0332 0.0448
0 0.1101 0.7724 0.0305 0.0653
0 0.3748 0.8251 0.0359 0.0617
0 0.4728 0.7785 0.0598 0.0303
0 0.4361 0.8128 0.0567 0.0442
0 0.3719 0.8753 0.0718 0.0468
0 0.3511 0.9205 0.0548 0.0489
0 0.4406 0.9537 0.0478 0.0607
0 0.2240 0.8711 0.0575 0.0489
0 0.1481 0.9604 0.0540 0.0576
0 0.0635 0.8850 0.0583 0.0468
0 0.0527 0.7654 0.0235 0.0761
0 0.0218 0.7647 0.0235 0.0715
0 0.0307 0.6150 0.0382 0.0489
0 0.0475 0.6394 0.0409 0.0391
0 0.0623 0.6656 0.0459 0.0381
0 0.0947 0.6847 0.0421 0.0298
0 0.5762 0.8056 0.0475 0.0802
0 0.6875 0.7683 0.0432 0.0252
0 0.6995 0.7996 0.0455 0.0540
0 0.6624 0.8035 0.0471 0.0535
0 0.6169 0.8251 0.0324 0.0844
0 0.6242 0.8938 0.0540 0.0612
0 0.7785 0.7950 0.0370 0.0674
0 0.8329 0.7914 0.0324 0.0571
0 0.8648 0.7690 0.0320 0.0463
0 0.8974 0.7937 0.0332 0.0576
0 0.8945 0.8544 0.0552 0.0720
0 0.9390 0.8804 0.0432 0.0458
0 0.9832 0.7598 0.0289 0.0494
0 0.9294 0.7400 0.0301 0.0252
0 0.9408 0.7631 0.0367 0.0746
0 0.9633 0.7688 0.0216 0.0777
0 0.9238 0.9370 0.0343 0.0376
0 0.9898 0.9537 0.0204 0.0525
0 0.9022 0.9823 0.0258 0.0355
0 0.9325 0.9825 0.0355 0.0350
0 0.9626 0.9861 0.0309 0.0278
0 0.2749 0.0293 0.0421 0.0586
0 0.4030 0.0075 0.0413 0.0149
0 0.4439 0.1065 0.0613 0.0473
0 0.5914 0.0288 0.0378 0.0576
0 0.4641 0.1857 0.0702 0.0772
0 0.5598 0.1463 0.0424 0.0746
0 0.5083 0.1278 0.0451 0.0571
0 0.5216 0.1016 0.0417 0.0592
0 0.5613 0.0918 0.0586 0.0417
0 0.5444 0.0581 0.0471 0.0463
0 0.5777 0.0589 0.0312 0.0561
0 0.1568 0.2636 0.0428 0.0561
0 0.2259 0.2742 0.0336 0.0545
0 0.1912 0.2739 0.0397 0.0612
0 0.2149 0.2312 0.0378 0.0499
0 0.1028 0.2878 0.0428 0.0530
0 0.0714 0.3128 0.0216 0.0463
0 0.0125 0.2999 0.0251 0.0545
0 0.1094 0.1929 0.0459 0.0504
0 0.0455 0.2160 0.0432 0.0442
0 0.0536 0.1713 0.0340 0.0340
0 0.0828 0.1355 0.0282 0.0571
0 0.0376 0.1394 0.0436 0.0442
0 0.0289 0.1322 0.0394 0.0535
0 0.0127 0.0890 0.0255 0.0453
0 0.8407 0.2513 0.0571 0.0571
0 0.7297 0.2091 0.0529 0.0468
0 0.7010 0.1764 0.0355 0.0751
0 0.6672 0.1713 0.0382 0.0720
0 0.7085 0.1443 0.0482 0.0386
0 0.6815 0.1091 0.0536 0.0432
0 0.8096 0.0527 0.0467 0.0478
0 0.9159 0.3228 0.0370 0.0231
0 0.9921 0.1227 0.0158 0.0520
0 0.8954 0.0229 0.0324 0.0458
0 0.8785 0.0244 0.0340 0.0489
0 0.9560 0.2359 0.0255 0.0478
0 0.9749 0.2626 0.0324 0.0478
0 0.9790 0.3292 0.0421 0.0340
