0 0.7382 0.5224 0.0544 0.0581
0 0.7811 0.5815 0.0374 0.0777
0 0.8171 0.6312 0.0502 0.0597
0 0.8573 0.6484 0.0440 0.0643
0 0.8733 0.6592 0.0451 0.0489
0 0.8775 0.6991 0.0343 0.0473
0 0.8501 0.7675 0.0459 0.0484
0 0.8100 0.7958 0.0336 0.0679
0 0.8544 0.8272 0.0343 0.0720
0 0.8935 0.8197 0.0309 0.0622
0 0.9130 0.8583 0.0505 0.0468
0 0.9417 0.8812 0.0432 0.0442
0 0.9651 0.9105 0.0405 0.0556
0 0.9240 0.9483 0.0386 0.0550
0 0.9294 0.9794 0.0309 0.0412
0 0.9647 0.9715 0.0320 0.0509
0 0.9919 0.9573 0.0162 0.0257
0 0.8245 0.8642 0.0386 0.0720
0 0.7961 0.9342 0.0467 0.0504
0 0.7544 0.6538 0.0459 0.0648
0 0.7286 0.7881 0.0397 0.0628
0 0.7276 0.6749 0.0347 0.0844
0 0.7909 0.4498 0.0502 0.0509
0 0.8069 0.4025 0.0521 0.0478
0 0.7845 0.3753 0.0521 0.0448
0 0.7292 0.3498 0.0656 0.0463
0 0.7863 0.2976 0.0432 0.0396
0 0.7272 0.2788 0.0548 0.0566
0 0.7612 0.2155 0.0378 0.0710
0 0.7315 0.1906 0.0363 0.0653
0 0.7641 0.1211 0.0390 0.0592
0 0.7234 0.0983 0.0363 0.0514
0 0.8596 0.0347 0.0278 0.0478
0 0.6362 0.4925 0.0671 0.0592
0 0.5503 0.6489 0.0567 0.0561
0 0.6358 0.8200 0.0340 0.0730
0 0.5754 0.8068 0.0359 0.0705
0 0.8414 0.2541 0.0417 0.0453
0 0.8241 0.1579 0.0432 0.0442
0 0.8383 0.1934 0.0363 0.0617
0 0.9072 0.2497 0.0421 0.0612
0 0.9059 0.0908 0.0262 0.0489
0 0.8640 0.3254 0.0297 0.0746
0 0.8902 0.3495 0.0320 0.0736
0 0.9172 0.3094 0.0367 0.0448
0 0.9240 0.6543 0.0347 0.0607
0 0.9348 0.6986 0.0424 0.0350
0 0.9392 0.7515 0.0336 0.0535
0 0.9535 0.7667 0.0297 0.0756
0 0.9568 0.6283 0.0309 0.0715
0 0.9819 0.6214 0.0262 0.0751
0 0.9911 0.6322 0.0177 0.0566
0 0.9817 0.7564 0.0297 0.0458
0 0.9811 0.8040 0.0355 0.0442
0 0.9880 0.8392 0.0193 0.0283
0 0.9657 0.5090 0.0278 0.0725
0 0.9871 0.5087 0.0251 0.0494
0 0.9325 0.4406 0.0324 0.0653
0 0.9722 0.3858 0.0262 0.0628
0 0.9541 0.3220 0.0386 0.0432
0 0.9558 0.2966 0.0351 0.0561
0 0.9917 0.2320 0.0166 0.0463
0 0.5772 0.5466 0.0455 0.0818
0 0.5575 0.7055 0.0525 0.0612
0 0.5054 0.7104 0.0401 0.0679
0 0.5395 0.7801 0.0390 0.0355
0 0.5197 0.7976 0.0424 0.0571
0 0.5274 0.8457 0.0540 0.0576
0 0.5098 0.9411 0.0552 0.0489
0 0.4416 0.8817 0.0529 0.0514
0 0.4217 0.8395 0.0571 0.0473
0 0.3681 0.8174 0.0370 0.0494
0 0.3378 0.7803 0.0382 0.0453
0 0.4647 0.7225 0.0637 0.0437
0 0.4686 0.7762 0.0459 0.0278
0 0.4423 0.7971 0.0529 0.0468
0 0.4425 0.6649 0.0602 0.0571
0 0.3719 0.6572 0.0617 0.0643
0 0.3358 0.6960 0.0536 0.0504
0 0.3052 0.8994 0.0509 0.0725
0 0.2664 0.7891 0.0405 0.0730
0 0.3630 0.5579 0.0409 0.0890
0 0.6182 0.2456 0.0583 0.0448
0 0.5768 0.2112 0.0579 0.0530
0 0.5934 0.1502 0.0394 0.0576
0 0.5633 0.0949 0.0625 0.0489
0 0.5033 0.0671 0.0413 0.0602
0 0.5694 0.0394 0.0363 0.0612
0 0.5368 0.0262 0.0397 0.0514
0 0.4931 0.1968 0.0394 0.0653
0 0.2417 0.6952 0.0652 0.0468
0 0.4711 0.2330 0.0517 0.0545
0 0.4356 0.2083 0.0594 0.0504
0 0.4464 0.2639 0.0370 0.0617
0 0.3736 0.1723 0.0405 0.0741
0 0.2982 0.2114 0.0494 0.0525
0 0.3810 0.2986 0.0567 0.0622
0 0.5019 0.3305 0.0471 0.0478
0 0.6080 0.3585 0.0494 0.0514
0 0.5557 0.3789 0.0505 0.0633
0 0.5965 0.3840 0.0370 0.0684
0 0.4927 0.4483 0.0363 0.0643
0 0.4464 0.4954 0.0648 0.0514
0 0.4564 0.4537 0.0448 0.0823
0 0.4527 0.5468 0.0505 0.0535
0 0.4936 0.5147 0.0444 0.0756
0 0.1892 0.2338 0.0490 0.0478
0 0.1684 0.8542 0.0436 0.0571
0 0.1607 0.7850 0.0467 0.0525
0 0.1983 0.6222 0.0509 0.0725
0 0.1605 0.6155 0.0378 0.0386
0 0.1541 0.5633 0.0490 0.0597
0 0.2311 0.5424 0.0440 0.0715
0 0.2697 0.4195 0.0586 0.0633
0 0.2583 0.3552 0.0428 0.0612
0 0.2880 0.3207 0.0374 0.0777
0 0.2483 0.3040 0.0351 0.0772
0 0.2188 0.3017 0.0301 0.0715
0 0.1304 0.3477 0.0285 0.0545
0 0.1941 0.3447 0.0424 0.0556
0 0.0781 0.4591 0.0428 0.0437
0 0.1242 0.6842 0.0478 0.0669
0 0.0312 0.3349 0.0432 0.0514
0 0.0125 0.3603 0.0251 0.0489
0 0.0675 0.5975 0.0494 0.0540
0 0.0610 0.6517 0.0424 0.0442
0 0.0415 0.5694 0.0305 0.0638
0 0.0303 0.6222 0.0282 0.0808
0 0.0077 0.6160 0.0154 0.0797
0 0.0415 0.9573 0.0266 0.0473
0 0.0666 0.9871 0.0274 0.0247
0 0.0156 0.9722 0.0297 0.0556
0 0.0947 0.8861 0.0320 0.0643
0 0.0108 0.8578 0.0216 0.0612
0 0.0729 0.8079 0.0316 0.0694
0 0.1074 0.7865 0.0467 0.0484
0 0.0627 0.7503 0.0436 0.0530
0 0.0972 0.7197 0.0332 0.0895
0 0.1408 0.1983 0.0417 0.0664
0 0.0120 0.2065 0.0239 0.0386
0 0.0741 0.1813 0.0239 0.0633
0 0.0990 0.1818 0.0436 0.0520
0 0.0571 0.1723 0.0262 0.0566
0 0.0453 0.1553 0.0297 0.0658
0 0.0993 0.0802 0.0359 0.0412
0 0.1964 0.1340 0.0486 0.0581
0 0.1601 0.1304 0.0455 0.0386
0 0.2060 0.0952 0.0517 0.0401
0 0.1877 0.0774 0.0312 0.0622
0 0.1597 0.0887 0.0293 0.0520
0 0.1306 0.0651 0.0312 0.0478
0 0.1047 0.1456 0.0351 0.0350
0 0.0845 0.1294 0.0409 0.0406
0 0.1319 0.1013 0.0255 0.0453
