0 0.6213 0.3704 0.0559 0.0504
0 0.6601 0.4195 0.0494 0.0890
0 0.6456 0.3452 0.0397 0.0658
0 0.6393 0.2757 0.0586 0.0494
0 0.6221 0.2284 0.0397 0.0658
0 0.5920 0.1723 0.0451 0.0586
0 0.7660 0.5468 0.0559 0.0535
0 0.8221 0.5448 0.0401 0.0700
0 0.8002 0.5669 0.0455 0.0576
0 0.8079 0.4787 0.0602 0.0448
0 0.8590 0.4285 0.0359 0.0802
0 0.7205 0.6407 0.0544 0.0561
0 0.6863 0.6934 0.0571 0.0607
0 0.6262 0.6456 0.0610 0.0514
0 0.7556 0.7178 0.0405 0.0345
0 0.6890 0.7840 0.0401 0.0545
0 0.6742 0.8395 0.0351 0.0761
0 0.6219 0.8197 0.0394 0.0736
0 0.5793 0.8940 0.0505 0.0823
0 0.9097 0.9843 0.0316 0.0314
0 0.9826 0.9478 0.0270 0.0478
0 0.9753 0.8603 0.0378 0.0417
0 0.8258 0.8750 0.0367 0.0607
0 0.8198 0.8310 0.0332 0.0520
0 0.8017 0.8025 0.0494 0.0761
0 0.8555 0.7814 0.0282 0.0730
0 0.9001 0.8009 0.0517 0.0504
0 0.8827 0.7464 0.0309 0.0772
0 0.9203 0.7603 0.0297 0.0566
0 0.9452 0.7760 0.0262 0.0715
0 0.9782 0.7518 0.0413 0.0365
0 0.9053 0.6829 0.0421 0.0489
0 0.8584 0.6499 0.0417 0.0653
0 0.8738 0.6489 0.0278 0.0808
0 0.8980 0.6291 0.0204 0.0535
0 0.9126 0.6337 0.0181 0.0442
0 0.9410 0.6512 0.0394 0.0545
0 0.9659 0.6260 0.0328 0.0658
0 0.9815 0.6157 0.0301 0.0576
0 0.7693 0.3459 0.0610 0.0458
0 0.7926 0.3591 0.0428 0.0514
0 0.7402 0.2863 0.0529 0.0468
0 0.7016 0.2544 0.0583 0.0499
0 0.6944 0.2117 0.0494 0.0437
0 0.6732 0.1777 0.0424 0.0592
0 0.6586 0.1484 0.0424 0.0550
0 0.8904 0.3675 0.0409 0.0561
0 0.8671 0.2999 0.0282 0.0514
0 0.8243 0.2937 0.0374 0.0525
0 0.8250 0.2274 0.0328 0.0679
0 0.7990 0.2019 0.0417 0.0417
0 0.9904 0.4347 0.0193 0.0350
0 0.9414 0.3215 0.0386 0.0391
0 0.9630 0.3758 0.0394 0.0437
0 0.9701 0.3081 0.0343 0.0391
0 0.9761 0.3501 0.0324 0.0458
0 0.9026 0.2436 0.0297 0.0612
0 0.5590 0.1206 0.0378 0.0736
0 0.6005 0.0394 0.0397 0.0499
0 0.6350 0.0054 0.0293 0.0108
0 0.5355 0.1582 0.0417 0.0705
0 0.7076 0.0604 0.0363 0.0602
0 0.7444 0.0520 0.0421 0.0442
0 0.7106 0.0121 0.0424 0.0242
0 0.7481 0.0203 0.0332 0.0406
0 0.5131 0.1001 0.0363 0.0561
0 0.4992 0.0532 0.0378 0.0520
0 0.4161 0.0085 0.0428 0.0170
0 0.3897 0.0617 0.0401 0.0638
0 0.4576 0.0656 0.0517 0.0448
0 0.4803 0.0898 0.0471 0.0581
0 0.4985 0.1214 0.0370 0.0432
0 0.4919 0.1672 0.0579 0.0535
0 0.4724 0.2078 0.0413 0.0730
0 0.4221 0.1857 0.0394 0.0720
0 0.4961 0.2955 0.0440 0.0797
0 0.8530 0.0892 0.0355 0.0612
0 0.8854 0.1168 0.0309 0.0597
0 0.9180 0.0921 0.0390 0.0576
0 0.8933 0.0195 0.0320 0.0391
0 0.9755 0.0280 0.0258 0.0345
0 0.9576 0.0082 0.0247 0.0165
0 0.9292 0.1623 0.0359 0.0581
0 0.9250 0.1824 0.0413 0.0437
0 0.9576 0.2443 0.0270 0.0628
0 0.9742 0.2292 0.0247 0.0478
0 0.9898 0.2636 0.0204 0.0437
0 0.9560 0.1890 0.0285 0.0437
0 0.9819 0.2135 0.0255 0.0576
0 0.4070 0.2472 0.0355 0.0756
0 0.4008 0.3454 0.0432 0.0777
0 0.3773 0.2503 0.0355 0.0869
0 0.2459 0.0746 0.0351 0.0679
0 0.3416 0.2389 0.0490 0.0509
0 0.1979 0.3030 0.0378 0.0453
0 0.2944 0.2410 0.0448 0.0622
0 0.2049 0.1867 0.0579 0.0412
0 0.2346 0.2333 0.0378 0.0766
0 0.3443 0.2665 0.0382 0.0535
0 0.3086 0.2834 0.0355 0.0792
0 0.0640 0.3416 0.0347 0.0298
0 0.0197 0.3642 0.0278 0.0597
0 0.0054 0.3544 0.0108 0.0391
0 0.0421 0.4722 0.0386 0.0494
0 0.1647 0.2562 0.0509 0.0442
0 0.1408 0.2832 0.0455 0.0509
0 0.1059 0.2860 0.0312 0.0504
0 0.1433 0.2065 0.0367 0.0550
0 0.1231 0.5435 0.0471 0.0550
0 0.1842 0.5995 0.0405 0.0715
0 0.1049 0.6142 0.0394 0.0669
0 0.1447 0.6620 0.0355 0.0669
0 0.1088 0.6587 0.0440 0.0478
0 0.1308 0.7016 0.0540 0.0422
0 0.2276 0.6610 0.0602 0.0473
0 0.1383 0.7621 0.0552 0.0427
0 0.1709 0.0512 0.0432 0.0612
0 0.0044 0.5332 0.0089 0.0468
0 0.0239 0.6150 0.0316 0.0468
0 0.0482 0.6397 0.0424 0.0437
0 0.0158 0.9694 0.0262 0.0427
0 0.0781 0.9056 0.0382 0.0746
0 0.0833 0.7991 0.0409 0.0653
0 0.0546 0.7623 0.0336 0.0556
0 0.0426 0.7757 0.0336 0.0751
0 0.0079 0.7536 0.0158 0.0463
0 0.2353 0.7878 0.0424 0.0756
0 0.2859 0.8045 0.0455 0.0638
0 0.2797 0.7490 0.0471 0.0854
0 0.3356 0.7742 0.0440 0.0309
0 0.3549 0.8025 0.0347 0.0648
0 0.3837 0.8652 0.0567 0.0638
0 0.4462 0.7894 0.0498 0.0499
0 0.3337 0.7037 0.0594 0.0586
0 0.3459 0.6680 0.0567 0.0787
0 0.4564 0.7178 0.0602 0.0540
0 0.4443 0.6692 0.0683 0.0504
0 0.4174 0.6515 0.0525 0.0787
0 0.4051 0.5702 0.0401 0.0478
0 0.4433 0.5697 0.0471 0.0499
0 0.1169 0.2297 0.0340 0.0664
0 0.1049 0.1937 0.0478 0.0468
0 0.1026 0.0617 0.0285 0.0463
0 0.1339 0.0694 0.0332 0.0730
0 0.0966 0.0129 0.0282 0.0257
0 0.0546 0.0080 0.0282 0.0159
0 0.0909 0.1091 0.0282 0.0617
0 0.0737 0.0844 0.0301 0.0607
0 0.1211 0.1487 0.0378 0.0484
0 0.0764 0.1620 0.0455 0.0566
0 0.1391 0.1006 0.0328 0.0530
0 0.1510 0.1296 0.0444 0.0442
0 0.1686 0.1060 0.0309 0.0432
0 0.0434 0.0910 0.0374 0.0514
0 0.0586 0.1322 0.0285 0.0597
0 0.0467 0.1728 0.0262 0.0607
0 0.0316 0.1332 0.0340 0.0442
0 0.0160 0.1888 0.0320 0.0679
0 0.0764 0.2510 0.0455 0.0463
0 0.0432 0.2389 0.0247 0.0314
