0 0.7143 0.8040 0.0498 0.0556
0 0.8515 0.7816 0.0340 0.0653
0 0.8040 0.7932 0.0463 0.0566
0 0.9363 0.8845 0.0417 0.0602
0 0.7772 0.9465 0.0351 0.0597
0 0.8769 0.9532 0.0309 0.0556
0 0.9176 0.9704 0.0328 0.0540
0 0.9441 0.9810 0.0394 0.0381
0 0.8463 0.9889 0.0351 0.0221
0 0.8837 0.9902 0.0289 0.0195
0 0.9311 0.0838 0.0351 0.0545
0 0.8702 0.0669 0.0374 0.0494
0 0.8274 0.0730 0.0320 0.0700
0 0.7375 0.1438 0.0421 0.0602
0 0.6757 0.1566 0.0567 0.0437
0 0.6944 0.0211 0.0386 0.0422
0 0.6734 0.0499 0.0428 0.0556
0 0.5976 0.0376 0.0448 0.0535
0 0.5276 0.0813 0.0428 0.0566
0 0.5691 0.0892 0.0424 0.0684
0 0.6046 0.1299 0.0471 0.0612
0 0.8866 0.0386 0.0309 0.0484
0 0.8181 0.6384 0.0413 0.0751
0 0.9037 0.8428 0.0490 0.0396
0 0.9207 0.8007 0.0444 0.0530
0 0.9884 0.8562 0.0231 0.0509
0 0.9477 0.6168 0.0312 0.0700
0 0.7909 0.1098 0.0440 0.0448
0 0.6233 0.3768 0.0552 0.0520
0 0.7363 0.3722 0.0606 0.0540
0 0.8320 0.8230 0.0444 0.0463
0 0.8601 0.3891 0.0482 0.0736
0 0.8414 0.2981 0.0448 0.0489
0 0.8785 0.1978 0.0316 0.0725
0 0.8393 0.1674 0.0328 0.0540
0 0.9643 0.2487 0.0351 0.0581
0 0.9252 0.2212 0.0455 0.0463
0 0.9184 0.1379 0.0390 0.0484
0 0.8935 0.1592 0.0347 0.0448
0 0.8756 0.1052 0.0382 0.0448
0 0.7321 0.2788 0.0467 0.0597
0 0.5390 0.1880 0.0478 0.0643
0 0.5845 0.2065 0.0448 0.0715
0 0.6103 0.1885 0.0540 0.0664
0 0.2556 0.3328 0.0390 0.0864
0 0.1019 0.3814 0.0409 0.0880
0 0.3621 0.3465 0.0405 0.0777
0 0.3370 0.3166 0.0637 0.0571
0 0.6686 0.1842 0.0579 0.0432
0 0.6885 0.2163 0.0413 0.0736
0 0.9850 0.2287 0.0278 0.0592
0 0.6703 0.5520 0.0428 0.0689
0 0.6645 0.4630 0.0521 0.0597
0 0.6343 0.3125 0.0409 0.0561
0 0.5658 0.3423 0.0529 0.0694
0 0.8534 0.6492 0.0424 0.0638
0 0.8715 0.6644 0.0424 0.0540
0 0.8816 0.7058 0.0463 0.0350
0 0.9346 0.6896 0.0413 0.0437
0 0.9531 0.3092 0.0297 0.0597
0 0.9275 0.3086 0.0255 0.0525
0 0.9053 0.2978 0.0320 0.0658
0 0.8993 0.3372 0.0293 0.0468
0 0.9728 0.1950 0.0397 0.0412
0 0.9660 0.1633 0.0324 0.0386
0 0.6547 0.0905 0.0301 0.0792
0 0.6217 0.0967 0.0405 0.0689
0 0.5631 0.1453 0.0436 0.0808
0 0.4416 0.2101 0.0467 0.0705
0 0.4562 0.1759 0.0482 0.0607
0 0.4410 0.1307 0.0448 0.0545
0 0.4049 0.0082 0.0397 0.0165
0 0.2822 0.0183 0.0459 0.0365
0 0.2307 0.0159 0.0316 0.0319
0 0.1128 0.0149 0.0367 0.0298
0 0.0716 0.0129 0.0374 0.0257
0 0.0982 0.0610 0.0390 0.0386
0 0.0584 0.0818 0.0505 0.0473
0 0.1659 0.2729 0.0378 0.0643
0 0.1283 0.2752 0.0328 0.0607
0 0.3777 0.5419 0.0478 0.0664
0 0.0326 0.6003 0.0351 0.0730
0 0.5833 0.6433 0.0394 0.0561
0 0.5629 0.7009 0.0594 0.0622
0 0.6127 0.8238 0.0478 0.0674
0 0.6705 0.6857 0.0525 0.0617
0 0.6944 0.9815 0.0486 0.0370
0 0.5365 0.7276 0.0613 0.0365
0 0.9728 0.6286 0.0266 0.0792
0 0.9890 0.6283 0.0220 0.0664
0 0.9562 0.7544 0.0189 0.0602
0 0.9371 0.7562 0.0247 0.0597
0 0.1574 0.0877 0.0370 0.0478
0 0.1316 0.1042 0.0340 0.0417
0 0.1582 0.1422 0.0332 0.0653
0 0.0693 0.1242 0.0359 0.0376
0 0.0556 0.6667 0.0502 0.0463
0 0.0995 0.2438 0.0262 0.0658
0 0.0440 0.7685 0.0355 0.0669
0 0.0093 0.7531 0.0185 0.0617
0 0.0938 0.8722 0.0363 0.0592
0 0.2218 0.8796 0.0386 0.0792
0 0.0203 0.9295 0.0351 0.0514
0 0.0174 0.9797 0.0301 0.0406
0 0.0824 0.9740 0.0367 0.0520
0 0.0930 0.7752 0.0370 0.0504
0 0.1748 0.7937 0.0532 0.0473
0 0.1541 0.2263 0.0351 0.0617
0 0.1258 0.2186 0.0301 0.0638
0 0.1292 0.1829 0.0424 0.0478
0 0.0907 0.1867 0.0394 0.0669
0 0.3281 0.8560 0.0590 0.0453
0 0.0189 0.1507 0.0378 0.0401
0 0.0176 0.1847 0.0351 0.0514
0 0.0355 0.2431 0.0401 0.0468
0 0.0046 0.2832 0.0093 0.0365
0 0.0042 0.2490 0.0085 0.0350
0 0.0662 0.1566 0.0312 0.0334
0 0.0573 0.1849 0.0390 0.0417
0 0.0345 0.2117 0.0305 0.0509
0 0.2209 0.6065 0.0467 0.0741
0 0.1678 0.6386 0.0455 0.0736
0 0.1300 0.6348 0.0440 0.0442
0 0.2334 0.6705 0.0471 0.0592
0 0.2548 0.6471 0.0336 0.0741
0 0.2614 0.7088 0.0552 0.0422
0 0.2512 0.7518 0.0463 0.0520
0 0.3841 0.8544 0.0459 0.0802
0 0.3422 0.7937 0.0486 0.0545
0 0.3897 0.8264 0.0355 0.0633
0 0.4342 0.8153 0.0413 0.0813
0 0.3312 0.7446 0.0544 0.0489
0 0.3308 0.7006 0.0822 0.0504
0 0.4296 0.6523 0.0421 0.0833
0 0.4003 0.6368 0.0382 0.0977
0 0.3657 0.6296 0.0378 0.0669
0 0.4603 0.6901 0.0548 0.0849
0 0.4641 0.7176 0.0610 0.0545
0 0.4730 0.7796 0.0571 0.0334
