0 0.7836 0.4805 0.0664 0.0535
0 0.8387 0.5229 0.0432 0.0571
0 0.9074 0.4712 0.0563 0.0453
0 0.8956 0.5689 0.0336 0.0720
0 0.8764 0.6021 0.0459 0.0489
0 0.8110 0.6096 0.0440 0.0545
0 0.8603 0.6535 0.0471 0.0550
0 0.7859 0.6690 0.0378 0.0622
0 0.8771 0.7016 0.0343 0.0391
0 0.7704 0.7163 0.0525 0.0376
0 0.9398 0.6633 0.0417 0.0417
0 0.9556 0.6322 0.0355 0.0638
0 0.9828 0.6191 0.0328 0.0777
0 0.9749 0.7659 0.0370 0.0545
0 0.9286 0.7420 0.0363 0.0303
0 0.9417 0.7600 0.0301 0.0694
0 0.9464 0.7888 0.0270 0.0602
0 0.9689 0.8274 0.0421 0.0478
0 0.9911 0.8410 0.0177 0.0535
0 0.8418 0.7904 0.0417 0.0540
0 0.8239 0.8326 0.0374 0.0540
0 0.7448 0.8146 0.0613 0.0561
0 0.9433 0.3814 0.0502 0.0592
0 0.8839 0.3866 0.0370 0.0509
0 0.8347 0.3773 0.0613 0.0612
0 0.7932 0.3277 0.0571 0.0422
0 0.8920 0.3326 0.0687 0.0520
0 0.8017 0.9907 0.0316 0.0185
0 0.8364 0.9938 0.0471 0.0123
0 0.8846 0.9943 0.0293 0.0113
0 0.4697 0.5725 0.0559 0.0556
0 0.6657 0.7986 0.0567 0.0499
0 0.6377 0.8128 0.0455 0.0473
0 0.5947 0.8117 0.0529 0.0504
0 0.5640 0.7927 0.0417 0.0607
0 0.5326 0.9601 0.0590 0.0592
0 0.5619 0.7233 0.0613 0.0442
0 0.5785 0.6806 0.0691 0.0586
0 0.5980 0.6456 0.0594 0.0514
0 0.6426 0.6461 0.0374 0.0905
0 0.7265 0.6991 0.0370 0.0648
0 0.7282 0.7490 0.0397 0.0504
0 0.6736 0.6849 0.0486 0.0777
0 0.4130 0.9398 0.0513 0.0494
0 0.0625 0.9838 0.0347 0.0324
0 0.0338 0.9475 0.0328 0.0617
0 0.0187 0.9879 0.0251 0.0242
0 0.3258 0.9272 0.0467 0.0602
0 0.2737 0.8650 0.0590 0.0602
0 0.0513 0.7608 0.0417 0.0710
0 0.0118 0.5949 0.0235 0.0622
0 0.0426 0.6037 0.0521 0.0561
0 0.0882 0.6386 0.0289 0.0684
0 0.0104 0.3735 0.0208 0.0494
0 0.2857 0.0183 0.0428 0.0365
0 0.5478 0.0067 0.0270 0.0134
0 0.8798 0.0172 0.0459 0.0345
0 0.9815 0.0190 0.0216 0.0381
0 0.9863 0.1713 0.0274 0.0422
0 0.0220 0.2623 0.0370 0.0535
0 0.0193 0.1528 0.0386 0.0391
0 0.0141 0.1116 0.0282 0.0370
0 0.0116 0.0815 0.0231 0.0386
0 0.9734 0.2629 0.0347 0.0494
0 0.9466 0.2693 0.0243 0.0571
0 0.8947 0.2824 0.0363 0.0545
0 0.9070 0.2485 0.0386 0.0628
0 0.8497 0.2449 0.0297 0.0628
0 0.8711 0.2549 0.0347 0.0571
0 0.8084 0.2256 0.0320 0.0653
0 0.8146 0.0458 0.0312 0.0638
0 0.7951 0.0604 0.0293 0.0530
0 0.8042 0.1011 0.0459 0.0427
0 0.5936 0.0484 0.0289 0.0607
0 0.5650 0.0648 0.0413 0.0648
0 0.7317 0.2145 0.0513 0.0525
0 0.7363 0.1749 0.0559 0.0494
0 0.6669 0.1834 0.0397 0.0612
0 0.6881 0.0995 0.0575 0.0458
0 0.7031 0.1322 0.0459 0.0576
0 0.6723 0.1345 0.0575 0.0509
0 0.5556 0.1551 0.0502 0.0509
0 0.5251 0.1448 0.0363 0.0766
0 0.4406 0.0995 0.0540 0.0540
0 0.4716 0.1350 0.0374 0.0674
0 0.4909 0.1608 0.0405 0.0736
0 0.5098 0.1127 0.0421 0.0432
0 0.0401 0.1962 0.0309 0.0561
0 0.5982 0.2940 0.0529 0.0561
0 0.6493 0.2958 0.0502 0.0658
0 0.6447 0.3503 0.0656 0.0535
0 0.6287 0.3863 0.0544 0.0381
0 0.5326 0.3328 0.0451 0.0576
0 0.1701 0.0977 0.0548 0.0453
0 0.1337 0.7333 0.0413 0.0520
0 0.1377 0.6777 0.0525 0.0417
0 0.1534 0.6453 0.0444 0.0715
0 0.1842 0.7994 0.0351 0.0689
0 0.2346 0.7858 0.0602 0.0540
0 0.2598 0.7215 0.0505 0.0303
0 0.4022 0.3948 0.0413 0.0962
0 0.3692 0.3799 0.0394 0.0890
0 0.1262 0.4961 0.0540 0.0427
0 0.2216 0.6129 0.0451 0.0756
0 0.2060 0.5594 0.0640 0.0478
0 0.2938 0.5725 0.0397 0.0885
0 0.2299 0.5118 0.0370 0.1070
0 0.1590 0.1579 0.0316 0.0514
0 0.1271 0.1430 0.0351 0.0381
0 0.1013 0.1217 0.0351 0.0489
0 0.1254 0.1824 0.0340 0.0643
0 0.1443 0.2343 0.0502 0.0509
0 0.1011 0.1767 0.0285 0.0520
0 0.0754 0.1461 0.0336 0.0494
0 0.0748 0.1865 0.0417 0.0355
0 0.0916 0.2269 0.0328 0.0535
0 0.0694 0.2819 0.0394 0.0679
0 0.0613 0.2662 0.0363 0.0509
0 0.1030 0.3573 0.0455 0.0643
0 0.1476 0.3573 0.0467 0.0489
0 0.1910 0.2706 0.0432 0.0607
0 0.2672 0.2189 0.0382 0.0694
0 0.3297 0.2191 0.0413 0.0679
0 0.2944 0.2063 0.0370 0.0648
0 0.3221 0.2636 0.0448 0.0571
0 0.3474 0.2886 0.0559 0.0700
0 0.2027 0.3562 0.0444 0.0725
0 0.2371 0.2971 0.0351 0.0849
0 0.2847 0.3449 0.0525 0.0705
0 0.2760 0.2778 0.0505 0.0350
0 0.3299 0.7083 0.0733 0.0586
0 0.3517 0.6708 0.0390 0.0813
0 0.3895 0.6497 0.0405 0.0885
0 0.4450 0.6705 0.0652 0.0478
0 0.4612 0.7029 0.0521 0.0509
0 0.4786 0.7477 0.0567 0.0489
0 0.4591 0.7860 0.0640 0.0463
0 0.4230 0.8110 0.0413 0.0376
0 0.4524 0.8395 0.0467 0.0751
0 0.3600 0.8025 0.0293 0.0628
0 0.3345 0.7760 0.0455 0.0355
