0 0.3503 0.2652 0.0409 0.0571
0 0.6856 0.0646 0.0509 0.0540
0 0.6919 0.1242 0.0405 0.0705
0 0.6717 0.6667 0.0633 0.0494
0 0.6858 0.1973 0.0405 0.0633
0 0.6825 0.2549 0.0440 0.0581
0 0.6341 0.2477 0.0482 0.0736
0 0.6302 0.3110 0.0421 0.0643
0 0.6171 0.3624 0.0513 0.0509
0 0.7448 0.4203 0.0444 0.0823
0 0.7994 0.3768 0.0517 0.0561
0 0.8007 0.3254 0.0513 0.0530
0 0.8428 0.3122 0.0343 0.0617
0 0.8659 0.3696 0.0475 0.0684
0 0.9066 0.3796 0.0370 0.0710
0 0.9192 0.3182 0.0359 0.0314
0 0.9730 0.3814 0.0432 0.0437
0 0.9932 0.4205 0.0135 0.0478
0 0.9620 0.2618 0.0359 0.0628
0 0.8084 0.5172 0.0544 0.0581
0 0.8248 0.5671 0.0324 0.0571
0 0.8167 0.6181 0.0540 0.0468
0 0.7888 0.6569 0.0343 0.0730
0 0.9005 0.2469 0.0471 0.0442
0 0.8968 0.2037 0.0351 0.0463
0 0.8804 0.1124 0.0301 0.0550
0 0.9145 0.0828 0.0390 0.0360
0 0.9095 0.1106 0.0336 0.0412
0 0.8767 0.0615 0.0359 0.0427
0 0.6834 0.6960 0.0629 0.0463
0 0.6852 0.7703 0.0586 0.0303
0 0.6429 0.8143 0.0436 0.0689
0 0.6200 0.8534 0.0347 0.0833
0 0.5924 0.8254 0.0428 0.0797
0 0.4552 0.3428 0.0424 0.0766
0 0.4047 0.0314 0.0517 0.0628
0 0.0845 0.0159 0.0363 0.0319
0 0.0617 0.1479 0.0409 0.0550
0 0.1020 0.2158 0.0444 0.0509
0 0.1559 0.2765 0.0486 0.0602
0 0.1917 0.3171 0.0363 0.0571
0 0.1051 0.3202 0.0459 0.0540
0 0.0725 0.3655 0.0378 0.0592
0 0.1508 0.4077 0.0540 0.0756
0 0.3191 0.3979 0.0478 0.0972
0 0.3777 0.4450 0.0509 0.0720
0 0.8395 0.6381 0.0386 0.0756
0 0.8596 0.6492 0.0486 0.0617
0 0.7716 0.7106 0.0471 0.0458
0 0.7768 0.7726 0.0513 0.0473
0 0.7996 0.8040 0.0428 0.0700
0 0.8335 0.7904 0.0328 0.0581
0 0.8594 0.7698 0.0529 0.0458
0 0.6362 0.6412 0.0355 0.0900
0 0.5912 0.6564 0.0436 0.0792
0 0.5492 0.7117 0.0428 0.0674
0 0.5887 0.9218 0.0502 0.0535
0 0.6651 0.9105 0.0370 0.0710
0 0.7010 0.8969 0.0401 0.0725
0 0.8181 0.9077 0.0475 0.0478
0 0.8648 0.9830 0.0374 0.0340
0 0.9221 0.9753 0.0363 0.0494
0 0.9572 0.9779 0.0363 0.0340
0 0.9726 0.9390 0.0386 0.0448
0 0.9340 0.8521 0.0363 0.0571
0 0.9732 0.8125 0.0297 0.0540
0 0.8752 0.6806 0.0467 0.0576
0 0.8856 0.7204 0.0343 0.0468
0 0.2894 0.5985 0.0494 0.0561
0 0.3623 0.5872 0.0586 0.0468
0 0.9230 0.5828 0.0467 0.0442
0 0.9525 0.5661 0.0440 0.0458
0 0.9842 0.5489 0.0316 0.0484
0 0.9535 0.6469 0.0390 0.0571
0 0.9823 0.7551 0.0270 0.0473
0 0.9450 0.7621 0.0266 0.0746
0 0.9622 0.7657 0.0193 0.0715
0 0.9911 0.7906 0.0177 0.0422
0 0.9815 0.6199 0.0270 0.0772
0 0.9909 0.6291 0.0181 0.0658
0 0.9346 0.6908 0.0428 0.0453
0 0.2593 0.8801 0.0556 0.0463
0 0.2978 0.9164 0.0340 0.0859
0 0.3401 0.8462 0.0359 0.0514
0 0.2357 0.6698 0.0532 0.0607
0 0.2064 0.6402 0.0347 0.0828
0 0.1734 0.6332 0.0336 0.0823
0 0.1474 0.5910 0.0347 0.0689
0 0.1553 0.6561 0.0266 0.0571
0 0.1314 0.6260 0.0421 0.0597
0 0.0864 0.6343 0.0347 0.0772
0 0.0289 0.6163 0.0278 0.0710
0 0.0123 0.6247 0.0247 0.0581
0 0.0720 0.7235 0.0289 0.0612
0 0.0365 0.7708 0.0297 0.0509
0 0.0272 0.8465 0.0359 0.0653
0 0.0311 0.9015 0.0413 0.0509
0 0.0392 0.9715 0.0266 0.0540
0 0.0141 0.9545 0.0282 0.0550
0 0.1418 0.7346 0.0390 0.0473
0 0.1476 0.8490 0.0475 0.0561
0 0.2018 0.8148 0.0347 0.0751
0 0.1692 0.7973 0.0289 0.0741
0 0.1445 0.7899 0.0266 0.0622
0 0.2350 0.7881 0.0610 0.0576
0 0.3075 0.6854 0.0455 0.0396
0 0.2874 0.7814 0.0332 0.0504
0 0.3289 0.7366 0.0575 0.0658
0 0.3530 0.7935 0.0478 0.0468
0 0.3773 0.8313 0.0340 0.0710
0 0.4126 0.8269 0.0367 0.0674
0 0.4383 0.8161 0.0386 0.0674
0 0.4433 0.6597 0.0633 0.0653
0 0.3972 0.6309 0.0351 0.0838
0 0.4568 0.7834 0.0594 0.0412
0 0.4660 0.7361 0.0648 0.0175
0 0.4614 0.7068 0.0656 0.0422
0 0.3356 0.6800 0.0532 0.0586
0 0.3694 0.6528 0.0343 0.0916
0 0.3333 0.6307 0.0424 0.0617
