0 0.6223 0.2611 0.0401 0.0746
0 0.5804 0.2703 0.0405 0.0509
0 0.5058 0.3426 0.0640 0.0484
0 0.6161 0.3619 0.0502 0.0489
0 0.6472 0.3979 0.0559 0.0715
0 0.6725 0.4704 0.0432 0.0766
0 0.6962 0.3176 0.0529 0.0571
0 0.7776 0.3138 0.0529 0.0525
0 0.7865 0.3606 0.0513 0.0648
0 0.7955 0.3814 0.0478 0.0910
0 0.8410 0.3542 0.0579 0.0468
0 0.7654 0.4498 0.0532 0.0592
0 0.7807 0.4949 0.0698 0.0422
0 0.7787 0.5388 0.0575 0.0478
0 0.8912 0.3570 0.0617 0.0391
0 0.7257 0.1898 0.0386 0.0689
0 0.7903 0.6592 0.0513 0.0530
0 0.8227 0.6345 0.0305 0.0808
0 0.8466 0.6394 0.0274 0.0782
0 0.8794 0.6525 0.0451 0.0396
0 0.1615 0.5273 0.0498 0.0525
0 0.1416 0.5710 0.0548 0.0453
0 0.3625 0.3560 0.0374 0.0710
0 0.2423 0.3675 0.0378 0.0684
0 0.2552 0.3326 0.0536 0.0437
0 0.1306 0.4131 0.0513 0.0525
0 0.0897 0.3755 0.0498 0.0494
0 0.0835 0.3202 0.0451 0.0468
0 0.0224 0.3290 0.0401 0.0376
0 0.0266 0.3678 0.0417 0.0494
0 0.0114 0.4534 0.0228 0.0571
0 0.0822 0.4511 0.0471 0.0504
0 0.9163 0.3395 0.0293 0.0648
0 0.9055 0.3904 0.0424 0.0556
0 0.4186 0.5136 0.0671 0.0602
0 0.2438 0.2431 0.0401 0.0684
0 0.2350 0.2780 0.0378 0.0437
0 0.3438 0.2626 0.0532 0.0581
0 0.4682 0.2119 0.0405 0.0761
0 0.4483 0.1649 0.0602 0.0478
0 0.4095 0.1906 0.0405 0.0715
0 0.3696 0.1698 0.0448 0.0638
0 0.0563 0.7567 0.0455 0.0484
0 0.0802 0.6775 0.0316 0.0648
0 0.0511 0.6335 0.0490 0.0520
0 0.0336 0.6232 0.0355 0.0653
0 0.0073 0.6291 0.0147 0.0586
0 0.0154 0.9182 0.0309 0.0381
0 0.0108 0.9583 0.0216 0.0381
0 0.1291 0.7014 0.0444 0.0448
0 0.1514 0.6373 0.0413 0.0638
0 0.1904 0.8045 0.0374 0.0741
0 0.2270 0.7950 0.0513 0.0612
0 0.2263 0.8778 0.0397 0.0622
0 0.2658 0.8961 0.0448 0.0586
0 0.2434 0.7176 0.0548 0.0370
0 0.2296 0.6628 0.0671 0.0448
0 0.2301 0.6075 0.0405 0.0689
0 0.2573 0.5728 0.0494 0.0725
0 0.2940 0.5406 0.0486 0.0586
0 0.1819 0.6319 0.0428 0.0530
0 0.1902 0.6044 0.0340 0.0669
0 0.2959 0.6517 0.0525 0.0813
0 0.2961 0.7351 0.0367 0.0782
0 0.3432 0.7930 0.0397 0.0622
0 0.3274 0.7477 0.0451 0.0406
0 0.3320 0.6978 0.0621 0.0468
0 0.3551 0.6615 0.0583 0.0648
0 0.3804 0.6492 0.0409 0.0823
0 0.4184 0.6458 0.0374 0.0931
0 0.4622 0.6906 0.0679 0.0478
0 0.4676 0.7269 0.0718 0.0360
0 0.3777 0.8300 0.0355 0.0694
0 0.4207 0.8274 0.0421 0.0622
0 0.4392 0.7906 0.0498 0.0401
0 0.4938 0.8320 0.0617 0.0581
0 0.5536 0.9671 0.0610 0.0504
0 0.7141 0.9457 0.0517 0.0571
0 0.8281 0.9257 0.0490 0.0458
0 0.9064 0.9334 0.0359 0.0437
0 0.9286 0.9812 0.0401 0.0376
0 0.9620 0.9619 0.0266 0.0319
0 0.5702 0.7984 0.0556 0.0586
0 0.6017 0.8212 0.0351 0.0828
0 0.6429 0.8117 0.0467 0.0597
0 0.6780 0.7798 0.0575 0.0453
0 0.5488 0.7783 0.0521 0.0319
0 0.5559 0.7266 0.0733 0.0376
0 0.5664 0.6875 0.0656 0.0540
0 0.5826 0.6592 0.0571 0.0653
0 0.5189 0.6754 0.0448 0.0844
0 0.6696 0.6669 0.0590 0.0509
0 0.6863 0.6919 0.0640 0.0442
0 0.6375 0.6510 0.0482 0.0705
0 0.6416 0.5967 0.0602 0.0514
0 0.8702 0.6914 0.0490 0.0412
0 0.7674 0.7158 0.0586 0.0365
0 0.7757 0.7783 0.0498 0.0586
0 0.8221 0.7953 0.0255 0.0689
0 0.8030 0.7942 0.0312 0.0741
0 0.8522 0.7778 0.0301 0.0638
0 0.8679 0.7395 0.0305 0.0622
0 0.9925 0.9498 0.0150 0.0376
0 0.9564 0.8740 0.0448 0.0381
0 0.9718 0.9187 0.0301 0.0463
0 0.9439 0.9092 0.0328 0.0478
0 0.9610 0.5329 0.0463 0.0463
0 0.9554 0.6407 0.0274 0.0499
0 0.9431 0.6569 0.0351 0.0494
0 0.9844 0.6253 0.0243 0.0684
0 0.9377 0.7114 0.0374 0.0484
0 0.9313 0.7580 0.0502 0.0653
0 0.9541 0.7649 0.0247 0.0689
0 0.9682 0.7742 0.0204 0.0638
0 0.9894 0.7927 0.0212 0.0350
0 0.2064 0.1420 0.0386 0.0391
0 0.2106 0.1824 0.0571 0.0489
0 0.1622 0.2019 0.0459 0.0777
0 0.1244 0.2425 0.0513 0.0427
0 0.0972 0.2225 0.0517 0.0530
0 0.1194 0.1667 0.0413 0.0473
0 0.0760 0.1749 0.0340 0.0638
0 0.0087 0.1721 0.0174 0.0499
0 0.0550 0.1741 0.0359 0.0540
0 0.0448 0.1222 0.0293 0.0694
0 0.0766 0.1114 0.0459 0.0396
0 0.0912 0.1265 0.0459 0.0422
0 0.0513 0.0635 0.0340 0.0396
0 0.1138 0.0311 0.0293 0.0417
0 0.1489 0.0226 0.0316 0.0453
0 0.1611 0.0507 0.0421 0.0355
0 0.1954 0.0504 0.0328 0.0422
0 0.1480 0.0887 0.0305 0.0612
0 0.1694 0.0813 0.0262 0.0556
0 0.2029 0.0918 0.0471 0.0478
0 0.1703 0.1335 0.0351 0.0592
0 0.4585 0.0440 0.0505 0.0448
0 0.5023 0.0417 0.0417 0.0607
0 0.5303 0.0280 0.0390 0.0561
0 0.5619 0.0805 0.0467 0.0581
0 0.5912 0.0972 0.0359 0.0597
0 0.5145 0.0962 0.0405 0.0638
0 0.5712 0.1525 0.0490 0.0509
0 0.6144 0.1217 0.0382 0.0705
0 0.6507 0.1376 0.0359 0.0684
0 0.6333 0.0923 0.0475 0.0478
0 0.6906 0.0862 0.0363 0.0602
0 0.7270 0.1006 0.0343 0.0478
0 0.7598 0.1366 0.0282 0.0592
0 0.7157 0.1309 0.0463 0.0427
0 0.7973 0.0159 0.0274 0.0319
0 0.8117 0.0751 0.0355 0.0442
0 0.8231 0.1330 0.0320 0.0540
0 0.8540 0.1618 0.0451 0.0406
0 0.8802 0.0777 0.0305 0.0442
0 0.9045 0.0895 0.0251 0.0514
0 0.8922 0.1085 0.0289 0.0514
0 0.9250 0.0136 0.0382 0.0273
0 0.9763 0.2112 0.0359 0.0427
0 0.9958 0.3269 0.0085 0.0386
0 0.9811 0.3266 0.0255 0.0751
0 0.9527 0.3243 0.0428 0.0314
0 0.8652 0.2140 0.0289 0.0504
0 0.8706 0.2544 0.0382 0.0458
0 0.9066 0.2497 0.0463 0.0509
0 0.8960 0.2685 0.0436 0.0391
0 0.8899 0.3050 0.0320 0.0453
