     0/199     5.69G     0.101     1.391         0     1.492       564      1952      0.03   0.06486  0.003148 0.0006464    0.0852     1.684         0
     1/199       14G   0.08725     1.644         0     1.731       923      1952   0.03167   0.06847   0.00404 0.0007124   0.07428     1.851         0
     2/199       14G   0.08251     1.645         0     1.728       373      1952   0.05167    0.1117  0.006931  0.001198   0.07195     1.888         0
     3/199       14G   0.07955     1.806         0     1.886       677      1952      0.14    0.3027   0.05185   0.01004   0.07106      1.86         0
     4/199       14G   0.07951     1.503         0     1.583       827      1952   0.03586   0.07207  0.002961  0.000501   0.07529     2.057         0
     5/199       14G   0.07887     1.423         0     1.502      1280      1952    0.1306    0.2342   0.04289  0.007162    0.0829     1.568         0
     6/199       14G   0.07393     1.311         0     1.385       882      1952    0.3112     0.427    0.2185   0.04653   0.07043     1.339         0
     7/199       14G   0.07069     1.288         0     1.358       719      1952    0.1998    0.2991   0.09702   0.01726   0.07839     1.426         0
     8/199       14G   0.06752     1.334         0     1.401      1097      1952    0.3182    0.3205    0.1833   0.03693   0.07035     1.963         0
     9/199       14G    0.0634     1.121         0     1.184       593      1952    0.4587    0.5253    0.3774   0.09258   0.06292     1.235         0
    10/199       14G   0.06098     1.164         0     1.225       969      1952    0.2743    0.2775    0.1626   0.03871   0.06791     1.871         0
    11/199       14G   0.06146     1.252         0     1.314       843      1952    0.2301    0.4973    0.1366   0.02747   0.06504     1.703         0
    12/199       14G   0.06322     1.255         0     1.318       917      1952   0.02102   0.02523  0.001345 0.0003005    0.1094     1.711         0
    13/199       14G    0.0621      1.26         0     1.322       964      1952  0.008678   0.01802 0.0002112 2.436e-05    0.1062     1.431         0
    14/199       14G   0.05905      1.24         0     1.299       604      1952    0.5009    0.3351    0.2946   0.08233   0.06548     1.534         0
    15/199       14G   0.05784     1.228         0     1.286       978      1952    0.4156    0.4216    0.2874   0.06552   0.06258     1.668         0
    16/199       14G   0.06018     1.383         0     1.444       617      1952     0.711    0.6782    0.7178    0.2756   0.05448     1.268         0
    17/199       14G   0.05726     1.119         0     1.176       761      1952    0.5785    0.5367     0.508    0.1665   0.05717     1.354         0
    18/199       14G   0.05831     1.208         0     1.266       768      1952    0.4991    0.6517    0.5146    0.1301    0.0585     1.665         0
    19/199       14G   0.05826     1.115         0     1.174       389      1952    0.6783    0.5135    0.5204     0.174   0.05648     1.428         0
    20/199       14G   0.06207     1.432         0     1.494       677      1952    0.1142    0.1027   0.02281  0.003546   0.07802     4.319         0
    21/199       14G    0.0635     1.389         0     1.453       553      1952         0         0         0         0    0.1522     3.618         0
    22/199       14G   0.05879     1.242         0     1.301       984      1952     0.119   0.02703   0.01064  0.002123     0.111     2.657         0
    23/199       14G   0.05622     1.269         0     1.325      1050      1952    0.1953    0.4162   0.09648   0.02072   0.06579     1.998         0
    24/199       14G   0.05771     1.314         0     1.371      1004      1952    0.3697    0.3838    0.2207    0.0507    0.0649     1.469         0
    25/199       14G   0.05732     1.234         0     1.291       802      1952    0.7045    0.6721     0.647    0.2072   0.05486     1.193         0
    26/199       14G   0.05537     1.062         0     1.117       576      1952    0.5578     0.741    0.6026    0.1984   0.05345     1.172         0
    27/199       14G   0.05346     1.077         0      1.13       882      1952    0.6569    0.7313    0.6903    0.2063   0.05099     1.097         0
    28/199       14G   0.05449     1.146         0     1.201       730      1952    0.7743    0.6631    0.7062    0.3021   0.05092     1.205         0
    29/199       14G   0.05506     1.086         0     1.141       558      1952    0.7696    0.7765    0.8015    0.3173   0.04881     1.117         0
    30/199       14G   0.05414     1.148         0     1.202      1096      1952    0.7713    0.7297    0.7661    0.2483   0.04942     1.066         0
    31/199       14G    0.0533     1.049         0     1.102       683      1952    0.7564    0.7063    0.7566    0.2243   0.05101     1.035         0
    32/199       14G   0.05348     1.098         0     1.152       591      1952    0.8311    0.7189    0.8015    0.3563   0.04833     1.138         0
    33/199       14G   0.05196      1.11         0     1.162      1074      1952    0.1093    0.1369   0.02751  0.007486    0.0844     1.939         0
    34/199       14G   0.05199     1.084         0     1.136       650      1952   0.08121    0.1745   0.01461  0.005869   0.06396     2.348         0
    35/199       14G   0.05222     1.091         0     1.143       742      1952     0.808    0.6519    0.7611    0.3183   0.04978     1.257         0
    36/199       14G   0.05028     1.122         0     1.172       548      1952    0.6623    0.6432    0.6558    0.2666   0.05432     1.336         0
    37/199       14G   0.04942     1.101         0      1.15       748      1952    0.8321    0.8752    0.8957    0.4273    0.0459     1.245         0
    38/199       14G   0.04767    0.9658         0     1.014       645      1952    0.8575    0.7712    0.8468    0.4007   0.04518     1.078         0
    39/199       14G   0.04661     1.033         0     1.079       808      1952    0.8805    0.7564    0.8667    0.3624   0.04519      1.13         0
    40/199       14G   0.04758     1.095         0     1.143       768      1952      0.83    0.8267    0.8803    0.4186   0.04326     1.047         0
    41/199       14G   0.04754    0.9571         0     1.005       698      1952    0.8881    0.8018    0.8936    0.4188   0.04361     1.002         0
    42/199       14G   0.04616    0.9954         0     1.042       571      1952    0.8836    0.7946    0.8876      0.42   0.04277     1.034         0
    43/199       14G   0.04585    0.9701         0     1.016       506      1952    0.8621    0.8577     0.922    0.4922   0.04125    0.9959         0
    44/199       14G   0.04337    0.9688         0     1.012       450      1952     0.946    0.8216    0.9277    0.5064   0.04021    0.9621         0
    45/199       14G    0.0424    0.9292         0    0.9716       700      1952    0.9032    0.8432    0.9168    0.4157    0.0425    0.9774         0
    46/199       14G    0.0438    0.9309         0    0.9747       436      1952    0.9311    0.8285    0.9284    0.4776   0.03982    0.9788         0
    47/199       14G   0.04291    0.9499         0    0.9928       969      1952    0.9358     0.845    0.9304    0.5063   0.04055    0.9536         0
    48/199       14G   0.04141    0.8771         0    0.9186       698      1952    0.8419    0.8937    0.9198    0.4678   0.04125     1.031         0
    49/199       14G     0.043    0.9768         0      1.02       972      1952    0.9463    0.8882    0.9548     0.533   0.03822    0.9359         0
    50/199       14G   0.04152    0.9047         0    0.9462       673      1952    0.9395    0.8432     0.945    0.5312   0.03822    0.9252         0
    51/199       14G   0.04041    0.8538         0    0.8942       790      1952    0.9247    0.8414    0.9343    0.4945   0.03967     0.987         0
    52/199       14G   0.04328     1.045         0     1.089      1022      1952    0.9135    0.8631    0.9226    0.4954   0.03956      1.01         0
    53/199       14G   0.04083    0.9256         0    0.9664       849      1952    0.9113    0.8881    0.9434    0.5177   0.03891    0.9455         0
    54/199       14G   0.03997    0.8187         0    0.8587       524      1952     0.942    0.8523    0.9394    0.5465   0.03738    0.9334         0
    55/199       14G   0.04134    0.8489         0    0.8902       614      1952    0.9226    0.8847    0.9528    0.5628   0.03857    0.9144         0
    56/199       14G   0.04189    0.8778         0    0.9197      1181      1952    0.9421    0.8788    0.9531     0.556   0.03731    0.9449         0
    57/199       14G   0.03944     0.858         0    0.8974       905      1952    0.9276    0.8774    0.9448      0.53   0.03853    0.9609         0
    58/199       14G   0.03942     0.904         0    0.9434       770      1952    0.8979    0.8883    0.9188    0.4144   0.04246     1.017         0
    59/199       14G   0.03918    0.8663         0    0.9055       560      1952    0.9448    0.8937    0.9555    0.5752   0.03476    0.9142         0
    60/199       14G   0.03632    0.7617         0     0.798       883      1952    0.9403    0.8811    0.9581    0.5857   0.03508     0.894         0
    61/199       14G   0.03743    0.8213         0    0.8587       609      1952    0.8965    0.8955    0.9432    0.5761   0.03537    0.9305         0
    62/199       14G   0.03626    0.7346         0    0.7709       419      1952    0.9655    0.8576    0.9532    0.5744   0.03506     0.891         0
    63/199       14G   0.03718     0.783         0    0.8202       620      1952    0.9541    0.8685    0.9479    0.5807   0.03502    0.9064         0
    64/199       14G   0.03615     0.769         0    0.8052       814      1952    0.9302    0.8919     0.953    0.5688   0.03452    0.9433         0
    65/199       14G   0.03612    0.8138         0    0.8499      1016      1952    0.9609    0.8883    0.9577    0.5923   0.03403    0.8961         0
    66/199       14G   0.03502    0.7567         0    0.7917       682      1952    0.9287    0.9152    0.9656     0.611   0.03355    0.8927         0
    67/199       14G   0.03473    0.7413         0    0.7761       586      1952    0.9214    0.9297    0.9698     0.618   0.03321    0.8824         0
    68/199       14G   0.03593    0.8287         0    0.8646       497      1952    0.9305    0.9189    0.9618    0.6073   0.03299     0.882         0
    69/199       14G   0.03485    0.7744         0    0.8093      1034      1952    0.9356    0.8896    0.9542    0.5975   0.03376    0.8831         0
    70/199       14G   0.03616    0.7252         0    0.7614       775      1952    0.9446    0.8918    0.9584    0.6224   0.03308     0.873         0
    71/199       14G   0.03389    0.7114         0    0.7453       600      1952     0.941    0.9188    0.9664    0.6084   0.03344    0.8762         0
    72/199       14G   0.03532    0.8231         0    0.8584       688      1952    0.9413    0.9241    0.9699    0.5964   0.03331    0.8972         0
    73/199       14G   0.03453    0.8107         0    0.8452       613      1952    0.9266    0.9351     0.964    0.5941   0.03411    0.8901         0
    74/199       14G   0.03434     0.724         0    0.7584       895      1952    0.9361    0.9243    0.9716    0.6361   0.03159    0.8463         0
    75/199       14G   0.03379    0.7331         0    0.7668       776      1952    0.9246    0.9277     0.962    0.5763   0.03606    0.9103         0
    76/199       14G   0.03428    0.7308         0     0.765       732      1952    0.9377    0.9225    0.9657    0.6153   0.03172    0.8648         0
    77/199       14G   0.03183    0.7033         0    0.7351       825      1952    0.9432    0.8973    0.9581    0.5857   0.03214     0.898         0
    78/199       14G    0.0328    0.7557         0    0.7885       933      1952    0.9461    0.9207    0.9659    0.6133   0.03191    0.8706         0
    79/199       14G   0.03208    0.6817         0    0.7138       744      1952    0.9589    0.8901    0.9592    0.6324    0.0312    0.8903         0
    80/199       14G   0.03212    0.7199         0     0.752       790      1952    0.9557    0.8936    0.9529    0.6012   0.03344    0.9217         0
    81/199       14G    0.0317    0.7353         0     0.767       605      1952    0.9371    0.9135    0.9641    0.6333   0.03104    0.8619         0
    82/199       14G   0.03065    0.7018         0    0.7324       915      1952    0.9401    0.9044    0.9662    0.6294   0.03123    0.8689         0
    83/199       14G   0.03099    0.7063         0    0.7373       696      1952    0.9352    0.9094    0.9693    0.6538    0.0306    0.8622         0
    84/199       14G   0.03187    0.7169         0    0.7488      1183      1952    0.9315    0.9333    0.9667    0.6062   0.03408    0.9036         0
    85/199       14G   0.03312    0.7268         0      0.76      1005      1952    0.9352    0.9387    0.9654    0.6306   0.03108    0.8633         0
    86/199       14G   0.02903    0.6782         0    0.7072       596      1952    0.9454    0.9063    0.9624    0.6487   0.02977    0.8678         0
    87/199       14G   0.03004    0.7212         0    0.7512       473      1952    0.9382    0.9333     0.975    0.6242   0.03081    0.8908         0
    88/199       14G   0.02935    0.7058         0    0.7351       508      1952    0.9515    0.9189    0.9646    0.6424   0.03027    0.8507         0
    89/199       14G   0.02873    0.6434         0    0.6722       555      1952    0.9268    0.9135    0.9687     0.649   0.02906    0.8386         0
    90/199       14G   0.03004    0.6642         0    0.6942       399      1952    0.9456    0.9117    0.9704    0.6269   0.03274    0.8759         0
    91/199       14G   0.02978    0.6657         0    0.6955       600      1952    0.9399    0.9315    0.9772    0.6444   0.02989    0.8589         0
    92/199       14G   0.03024    0.7092         0    0.7394       784      1952    0.9535    0.9243    0.9734    0.6482   0.03026    0.8358         0
    93/199       14G   0.02888     0.653         0    0.6819       980      1952    0.9524    0.9045    0.9665    0.6534   0.02952    0.8693         0
    94/199       14G   0.02795    0.6468         0    0.6748       711      1952    0.9425    0.9151    0.9607    0.6343     0.031    0.8842         0
    95/199       14G   0.02796    0.6214         0    0.6494       828      1952    0.9386    0.9369    0.9719    0.6617   0.02898    0.8503         0
    96/199       14G   0.02726    0.6184         0    0.6457       567      1952    0.9587    0.9225     0.971    0.6528   0.03006    0.8617         0
    97/199       14G   0.02879    0.6671         0    0.6959       640      1952    0.9504    0.9351    0.9748    0.6743   0.02852    0.8376         0
    98/199       14G   0.02893    0.6702         0    0.6992       757      1952    0.9444    0.9189    0.9676    0.6364   0.03085    0.8795         0
    99/199       14G   0.03004    0.7505         0    0.7806       715      1952    0.9392    0.9207    0.9615    0.6107   0.03112    0.8796         0
   100/199       14G   0.02761    0.6184         0     0.646       531      1952     0.938    0.9351     0.968     0.674   0.02863    0.8312         0
   101/199       14G   0.02783    0.6566         0    0.6845       469      1952    0.9544    0.9059    0.9687    0.6482   0.03065    0.8659         0
   102/199       14G   0.02878    0.6512         0      0.68       923      1952    0.9539    0.8991    0.9653    0.6531   0.03015    0.8819         0
   103/199       14G   0.02766     0.646         0    0.6736      1221      1952     0.949    0.9063    0.9665     0.643   0.02952    0.8572         0
   104/199       14G   0.02672    0.6319         0    0.6586       334      1952    0.9379    0.9261    0.9707    0.6752   0.02837    0.8501         0
   105/199       14G   0.02575    0.6073         0     0.633       876      1952    0.9621    0.9171    0.9725     0.663   0.02849    0.8415         0
   106/199       14G   0.02727    0.6028         0    0.6301       549      1952    0.9625     0.924    0.9727    0.6651    0.0287    0.8386         0
   107/199       14G   0.02721    0.6024         0    0.6296       848      1952    0.9396     0.953    0.9756    0.6752   0.02842    0.8358         0
   108/199       14G   0.02675    0.6677         0    0.6944      1201      1952    0.9572    0.9279    0.9706    0.6678   0.02877    0.8566         0
   109/199       14G   0.02695    0.6793         0    0.7062       938      1952    0.9432    0.9279    0.9709    0.6706   0.02828     0.836         0
   110/199       14G   0.02547    0.5929         0    0.6184       563      1952    0.9555    0.9294    0.9745    0.6744   0.02829    0.8349         0
   111/199       14G     0.026    0.5863         0    0.6123       427      1952    0.9514    0.9189    0.9703    0.6849   0.02791    0.8407         0
   112/199       14G   0.02521    0.5763         0    0.6015       988      1952    0.9585    0.9153    0.9742    0.6785   0.02845    0.8505         0
   113/199       14G   0.02473    0.5793         0     0.604       719      1952    0.9583    0.9117     0.969    0.6658   0.02834    0.8586         0
   114/199       14G   0.02501    0.5925         0    0.6175       480      1952    0.9402     0.935    0.9703    0.6729   0.02834    0.8438         0
   115/199       14G   0.02509    0.5766         0    0.6016       651      1952    0.9523    0.9369    0.9718    0.6872   0.02778    0.8379         0
   116/199       14G   0.02546    0.5647         0    0.5902       657      1952    0.9481    0.9548    0.9742    0.6694   0.02923    0.8531         0
   117/199       14G   0.02623    0.5912         0    0.6174       670      1952    0.9487    0.9332    0.9747    0.6913   0.02751    0.8295         0
   118/199       14G   0.02567    0.6332         0    0.6589       827      1952    0.9322    0.9441    0.9715    0.6697   0.02888    0.8536         0
   119/199       14G   0.02529     0.619         0    0.6443       779      1952    0.9431    0.9279    0.9738    0.6854   0.02787    0.8451         0
   120/199       14G   0.02369    0.6005         0    0.6241       813      1952    0.9419    0.9351    0.9747    0.6918   0.02725    0.8331         0
   121/199       14G   0.02331    0.5752         0    0.5985       805      1952    0.9498    0.9207     0.973     0.671   0.02854    0.8648         0
   122/199       14G   0.02399    0.5995         0    0.6235       794      1952    0.9582    0.9261    0.9715    0.6776   0.02839    0.8434         0
   123/199       14G    0.0247    0.6094         0    0.6341       542      1952    0.9575    0.9369    0.9776    0.6841   0.02792    0.8367         0
   124/199       14G   0.02389    0.5855         0    0.6094       690      1952    0.9598    0.9477    0.9786    0.6929    0.0269      0.81         0
   125/199       14G   0.02395    0.5653         0    0.5893       949      1952     0.952    0.9315    0.9754    0.6937   0.02726    0.8297         0
   126/199       14G   0.02368    0.5667         0    0.5904       728      1952    0.9421    0.9386    0.9741    0.6813    0.0282    0.8481         0
   127/199       14G   0.02521    0.5975         0    0.6227       703      1952    0.9534    0.9243    0.9753      0.69   0.02743     0.834         0
   128/199       14G   0.02396    0.5509         0    0.5749       381      1952    0.9592    0.9313    0.9753    0.6857   0.02799    0.8321         0
   129/199       14G   0.02341    0.5378         0    0.5612       494      1952    0.9588    0.9261    0.9739    0.6907   0.02728    0.8369         0
   130/199       14G   0.02267    0.5734         0    0.5961      1032      1952    0.9524    0.9369    0.9765    0.6974    0.0268      0.82         0
   131/199       14G    0.0229    0.5472         0    0.5701       983      1952     0.966    0.9223    0.9781    0.6946   0.02705    0.8251         0
   132/199       14G   0.02278      0.54         0    0.5627      1085      1952    0.9571    0.9261    0.9764    0.6969   0.02687     0.818         0
   133/199       14G   0.02226     0.541         0    0.5632       894      1952     0.968    0.9297     0.978    0.6866   0.02742    0.8254         0
   134/199       14G   0.02274    0.5568         0    0.5796       649      1952    0.9472    0.9423    0.9765    0.6995   0.02684    0.8314         0
   135/199       14G   0.02291    0.5505         0    0.5734       852      1952    0.9505    0.9351    0.9749    0.6808   0.02771    0.8414         0
   136/199       14G   0.02334    0.5626         0    0.5859       513      1952     0.944    0.9423    0.9763    0.6933   0.02721    0.8294         0
   137/199       14G   0.02217    0.5464         0    0.5686       886      1952    0.9603    0.9297    0.9773    0.6951   0.02689    0.8322         0
   138/199       14G   0.02176    0.5137         0    0.5354       645      1952     0.977    0.9225    0.9776    0.6981   0.02677    0.8311         0
   139/199       14G   0.02229    0.5702         0    0.5925       637      1952    0.9752    0.9222    0.9738    0.6929   0.02692    0.8264         0
   140/199       14G   0.02178    0.5315         0    0.5533      1263      1952    0.9679    0.9279    0.9768    0.6985   0.02682    0.8266         0
   141/199       14G   0.02179    0.5489         0    0.5707      1039      1952     0.962    0.9189    0.9702    0.7001   0.02673    0.8382         0
   142/199       14G   0.02115    0.5033         0    0.5245       654      1952    0.9734    0.9117    0.9691    0.6878   0.02732    0.8506         0
   143/199       14G    0.0215     0.527         0    0.5485       653      1952    0.9661    0.9243    0.9753    0.6971   0.02677    0.8447         0
   144/199       14G   0.02093    0.4997         0    0.5206       340      1952    0.9625    0.9261    0.9701    0.6838   0.02757    0.8539         0
   145/199       14G   0.02175    0.5339         0    0.5556       624      1952    0.9572    0.9274    0.9653    0.6909   0.02671    0.8484         0
   146/199       14G   0.02116    0.5238         0     0.545       665      1952    0.9591    0.9295    0.9731    0.6956   0.02685     0.837         0
   147/199       14G   0.02106    0.5097         0    0.5308       870      1952    0.9589    0.9279    0.9747    0.6992   0.02702    0.8533         0
   148/199       14G   0.02048    0.4945         0     0.515       840      1952    0.9751    0.9166    0.9744     0.694   0.02704     0.851         0
   149/199       14G   0.02135    0.5252         0    0.5465       819      1952    0.9657    0.9153    0.9697    0.7004   0.02668    0.8469         0
   150/199       14G   0.02102    0.5028         0    0.5238       658      1952    0.9555    0.9297    0.9702    0.6977   0.02667    0.8544         0
   151/199       14G   0.02157    0.5266         0    0.5482       969      1952    0.9698     0.926     0.969    0.6846   0.02722    0.8637         0
   152/199       14G   0.02113    0.5028         0    0.5239       419      1952     0.966    0.9219    0.9757    0.6994    0.0268    0.8436         0
   153/199       14G   0.02034    0.4958         0    0.5161      1156      1952    0.9662    0.9279    0.9742    0.6999   0.02671    0.8393         0
   154/199       14G    0.0211    0.5156         0    0.5367       589      1952     0.963    0.9386    0.9726    0.6986   0.02671     0.845         0
   155/199       14G   0.02026    0.5041         0    0.5243       759      1952    0.9647    0.9351     0.972    0.7112    0.0264    0.8299         0
   156/199       14G    0.0201    0.4913         0    0.5114       709      1952     0.951    0.9441    0.9711    0.6994   0.02663    0.8427         0
   157/199       14G   0.02055    0.4986         0    0.5191       615      1952    0.9534    0.9243    0.9663     0.702   0.02633    0.8435         0
   158/199       14G   0.01958    0.4535         0    0.4731       498      1952    0.9603    0.9189    0.9689    0.6995   0.02653     0.855         0
   159/199       14G   0.02006    0.4699         0    0.4899       657      1952    0.9503    0.9333    0.9711    0.6966    0.0264    0.8406         0
   160/199       14G   0.02003    0.5043         0    0.5244       825      1952    0.9509    0.9423    0.9771    0.7057   0.02636    0.8404         0
   161/199       14G   0.01996    0.4827         0    0.5026       795      1952    0.9469    0.9369    0.9771    0.7121   0.02596    0.8333         0
   162/199       14G   0.01978    0.4784         0    0.4982       601      1952    0.9417    0.9314    0.9724    0.7045   0.02623    0.8466         0
   163/199       14G   0.02039    0.5095         0    0.5299       814      1952     0.964    0.9207    0.9744    0.7049   0.02634    0.8322         0
   164/199       14G   0.01988    0.4687         0    0.4886       477      1952    0.9645    0.9315    0.9735    0.7005   0.02674    0.8489         0
   165/199       14G   0.01996    0.4799         0    0.4998       718      1952    0.9523    0.9387    0.9749    0.7038   0.02639    0.8506         0
   166/199       14G   0.01992    0.4998         0    0.5198       708      1952    0.9734    0.9223    0.9771    0.7022   0.02643    0.8406         0
   167/199       14G   0.01963    0.4896         0    0.5093       540      1952    0.9733    0.9207    0.9779    0.7093   0.02617    0.8429         0
   168/199       14G   0.01984     0.469         0    0.4889       798      1952    0.9689    0.9243    0.9788    0.7073   0.02618    0.8355         0
   169/199       14G   0.01999    0.5044         0    0.5244       522      1952    0.9753    0.9242     0.979    0.6973   0.02655    0.8371         0
   170/199       14G   0.01958    0.4801         0    0.4996       826      1952    0.9559    0.9384    0.9751    0.7084   0.02605    0.8296         0
   171/199       14G   0.01993    0.5061         0    0.5261      1026      1952    0.9504    0.9351    0.9727    0.7063   0.02609    0.8469         0
   172/199       14G    0.0193     0.478         0    0.4973       664      1952    0.9695    0.9169    0.9697    0.7007   0.02641    0.8663         0
   173/199       14G   0.01961    0.4913         0     0.511       673      1952    0.9624    0.9225    0.9714    0.6972   0.02648    0.8722         0
   174/199       14G   0.01904    0.4612         0    0.4803       911      1952    0.9645    0.9292    0.9753    0.7038    0.0261    0.8488         0
   175/199       14G   0.01933    0.4737         0     0.493       678      1952    0.9454    0.9369    0.9748    0.7106   0.02572    0.8439         0
   176/199       14G   0.01967    0.4774         0    0.4971       598      1952    0.9715    0.9207    0.9752     0.715   0.02568    0.8353         0
   177/199       14G   0.01882     0.457         0    0.4758       544      1952    0.9641    0.9206    0.9793    0.7144   0.02569    0.8396         0
   178/199       14G   0.01894    0.4699         0    0.4889       576      1952    0.9626    0.9277    0.9759    0.7149   0.02571    0.8375         0
   179/199       14G   0.01928    0.4506         0    0.4699       754      1952    0.9609    0.9297    0.9753    0.7055   0.02602    0.8334         0
   180/199       14G   0.01921    0.4703         0    0.4895       698      1952    0.9733    0.9207     0.976    0.7092   0.02584    0.8343         0
   181/199       14G   0.01945    0.4749         0    0.4943       705      1952    0.9731    0.9133     0.972    0.7162   0.02551    0.8277         0
   182/199       14G   0.01934    0.4912         0    0.5105       844      1952    0.9768    0.9116    0.9731    0.7142    0.0256    0.8465         0
   183/199       14G   0.01893    0.4751         0     0.494       412      1952    0.9605    0.9189    0.9717    0.7083   0.02603    0.8608         0
   184/199       14G   0.01883    0.4498         0    0.4687       736      1952    0.9488    0.9351     0.976    0.7075   0.02576    0.8536         0
   185/199       14G   0.01848    0.4387         0    0.4572       473      1952     0.966    0.9203    0.9762     0.707   0.02576    0.8551         0
   186/199       14G   0.01928    0.4954         0    0.5147       978      1952    0.9644    0.9315    0.9771    0.7089   0.02584    0.8506         0
   187/199       14G   0.01904    0.4808         0    0.4998       782      1952    0.9592    0.9314     0.975    0.7136   0.02563    0.8445         0
   188/199       14G    0.0192    0.4745         0    0.4937       832      1952     0.964    0.9169    0.9741    0.7106   0.02583    0.8451         0
   189/199       14G   0.01847    0.4578         0    0.4763       775      1952    0.9571    0.9243    0.9753    0.7085   0.02589    0.8448         0
   190/199       14G   0.01874    0.4675         0    0.4862       923      1952    0.9475    0.9441    0.9751    0.7156   0.02578    0.8494         0
   191/199       14G   0.01844    0.4143         0    0.4327       553      1952    0.9588    0.9279    0.9731    0.7109    0.0261    0.8589         0
   192/199       14G   0.01886    0.4671         0     0.486       721      1952     0.966    0.9218    0.9712    0.7083   0.02581    0.8431         0
   193/199       14G   0.01852    0.4419         0    0.4604       366      1952    0.9558    0.9369    0.9756    0.7088   0.02573    0.8457         0
   194/199       14G    0.0187    0.4594         0    0.4781       804      1952    0.9733    0.9187    0.9759    0.7129   0.02558     0.839         0
   195/199       14G   0.01819    0.4417         0    0.4598       890      1952    0.9627    0.9314    0.9735    0.7071   0.02599    0.8537         0
   196/199       14G   0.01834    0.4614         0    0.4797       527      1952    0.9641    0.9261    0.9707    0.7087   0.02593     0.849         0
   197/199       14G    0.0185    0.4643         0    0.4828       687      1952    0.9645    0.9315    0.9735     0.714   0.02565    0.8522         0
   198/199       14G   0.01897    0.4994         0    0.5184       594      1952    0.9713    0.9207    0.9721    0.7148   0.02542    0.8483         0
   199/199       14G   0.01861    0.4607         0    0.4793       476      1952    0.9525    0.9387    0.9746    0.7117   0.02545    0.8404         0
